0.0007486343383789062 0.0
0.0007638931274414062 0.0
0.0007562637329101562 0.0
0.0006947517395019531 0.0
0.0007891654968261719 0.0
0.0007557868957519531 0.0
0.0007467269897460938 0.0
0.0007638931274414062 0.0
0.0007534027099609375 0.0
0.0006899833679199219 0.0
0.0007987022399902344 0.0
0.000759124755859375 0.0
0.0007495880126953125 0.0
0.0007653236389160156 0.0
0.0007567405700683594 0.0
0.0006937980651855469 0.0
0.0008015632629394531 0.0
0.000759124755859375 0.0
0.0007467269897460938 0.0
0.0007624626159667969 0.0
0.000759124755859375 0.0
0.0006928443908691406 0.0
0.0008325576782226562 0.0
0.0007619857788085938 0.0
0.0007486343383789062 0.0
0.0007677078247070312 0.0
0.0007634162902832031 0.0
0.0006995201110839844 0.0
0.0008749961853027344 0.0
0.00079345703125 0.0
0.0007443428039550781 0.0
0.0007777214050292969 0.0
0.0007681846618652344 0.0
0.0007009506225585938 0.0
0.0009589195251464844 0.0
0.0007967948913574219 0.0
0.0007424354553222656 0.0
0.000797271728515625 0.0
0.0007719993591308594 0.0
0.0007042884826660156 0.0
0.0009975433349609375 1.7881393432617188e-07
0.0007576942443847656 0.0
0.0007424354553222656 0.0
0.0008292198181152344 5.960464477539063e-08
0.0007748603820800781 0.0
0.0007009506225585938 0.0
0.0009660720825195312 4.76837158203125e-07
0.0007462501525878906 0.0
0.0007419586181640625 0.0
0.0008692741394042969 2.384185791015625e-07
0.0007801055908203125 0.0
0.0006999969482421875 0.0
0.0008172988891601562 5.960464477539063e-08
0.0007777214050292969 0.0
0.0007410049438476562 0.0
0.0009145736694335938 9.5367431640625e-07
0.0007872581481933594 0.0
0.0007076263427734375 0.0
0.0007200241088867188 0.0
0.00078582763671875 0.0
0.0007462501525878906 0.0
0.0009622573852539062 3.4570693969726562e-06
0.0007948875427246094 0.0
0.0007147789001464844 0.0
0.0006923675537109375 0.0
0.0007801055908203125 0.0
0.0007452964782714844 0.0
0.001007080078125 9.59634780883789e-06
0.0008015632629394531 5.960464477539063e-08
0.0007276535034179688 0.0
0.0007090568542480469 0.0
0.0007786750793457031 0.0
0.0007510185241699219 0.0
0.0010509490966796875 2.372264862060547e-05
0.0008115768432617188 1.1920928955078125e-07
0.0007333755493164062 0.0
0.0007252693176269531 0.0
0.000766754150390625 0.0
0.0007519721984863281 0.0
0.00109100341796875 5.173683166503906e-05
0.0008206367492675781 1.7881393432617188e-07
0.000743865966796875 0.0
0.0006937980651855469 0.0
0.0007719993591308594 0.0
0.0007557868957519531 0.0
0.0011186599731445312 7.56978988647461e-05
0.0008282661437988281 2.384185791015625e-07
0.0007405281066894531 0.0
0.0006918907165527344 0.0
0.0007724761962890625 0.0
0.0007615089416503906 0.0
0.001117706298828125 7.611513137817383e-05
0.0008373260498046875 3.5762786865234375e-07
0.0007452964782714844 0.0
0.0007028579711914062 0.0
0.0007719993591308594 0.0
0.000762939453125 0.0
0.0010986328125 5.3048133850097656e-05
0.0008487701416015625 5.364418029785156e-07
0.000751495361328125 0.0
0.0006976127624511719 0.0
0.0007686614990234375 0.0
0.00077056884765625 0.0
0.001068115234375 3.1948089599609375e-05
0.0008587837219238281 8.344650268554688e-07
0.0007534027099609375 0.0
0.0006723403930664062 0.0
0.0007653236389160156 0.0
0.0007772445678710938 0.0
0.0010499954223632812 2.2709369659423828e-05
0.0008602142333984375 8.940696716308594e-07
0.0007481575012207031 0.0
0.0006895065307617188 0.0
0.0007672309875488281 0.0
0.0007734298706054688 0.0
0.0010309219360351562 1.800060272216797e-05
0.0008540153503417969 7.748603820800781e-07
0.0007548332214355469 0.0
0.0007114410400390625 0.0
0.0007596015930175781 0.0
0.000782012939453125 0.0
0.00102996826171875 1.6927719116210938e-05
0.0008563995361328125 7.748603820800781e-07
0.000762939453125 0.0
0.0006856918334960938 0.0
0.000759124755859375 0.0
0.0007843971252441406 0.0
0.001026153564453125 1.621246337890625e-05
0.0008511543273925781 5.960464477539062e-07
0.0007638931274414062 0.0
0.0006952285766601562 0.0
0.0007572174072265625 0.0
0.0007853507995605469 0.0
0.0010232925415039062 1.5914440155029297e-05
0.0008406639099121094 4.172325134277344e-07
0.0007534027099609375 0.0
0.0006728172302246094 0.0
0.0007491111755371094 0.0
0.0007939338684082031 0.0
0.0010251998901367188 1.6510486602783203e-05
0.000835418701171875 3.5762786865234375e-07
0.0007410049438476562 0.0
0.0006613731384277344 0.0
0.0007290840148925781 0.0
0.0007929801940917969 0.0
0.0010204315185546875 1.6033649444580078e-05
0.000827789306640625 2.980232238769531e-07
0.0007290840148925781 0.0
0.0006327629089355469 0.0
0.0007371902465820312 0.0
0.0008029937744140625 0.0
0.0010213851928710938 1.6868114471435547e-05
0.0008258819580078125 2.384185791015625e-07
0.0007305145263671875 0.0
0.0006422996520996094 0.0
0.0007390975952148438 0.0
0.0008025169372558594 0.0
0.0010194778442382812 1.704692840576172e-05
0.0008244514465332031 2.980232238769531e-07
0.0007295608520507812 0.0
0.0006775856018066406 0.0
0.0007433891296386719 0.0
0.0008029937744140625 0.0
0.0010166168212890625 1.6808509826660156e-05
0.0008234977722167969 2.980232238769531e-07
0.0007243156433105469 0.0
0.0006937980651855469 0.0
0.000751495361328125 0.0
0.000812530517578125 0.0
0.0010194778442382812 1.710653305053711e-05
0.0008244514465332031 2.384185791015625e-07
0.0007195472717285156 0.0
0.000690460205078125 0.0
0.0007472038269042969 0.0
0.000820159912109375 0.0
0.0010166168212890625 1.6987323760986328e-05
0.0008196830749511719 2.384185791015625e-07
0.0006995201110839844 0.0
0.0006780624389648438 0.0
0.0007305145263671875 0.0
0.0008192062377929688 5.960464477539063e-08
0.001010894775390625 1.6570091247558594e-05
0.00081634521484375 2.384185791015625e-07
0.0006818771362304688 0.0
0.00066375732421875 0.0
0.0007195472717285156 0.0
0.0008206367492675781 5.960464477539063e-08
0.001007080078125 1.6450881958007812e-05
0.000812530517578125 2.384185791015625e-07
0.0006785392761230469 0.0
0.0006642341613769531 0.0
0.0007228851318359375 0.0
0.0008220672607421875 5.960464477539063e-08
0.0010061264038085938 1.615285873413086e-05
0.0008120536804199219 2.384185791015625e-07
0.0006732940673828125 0.0
0.0006594657897949219 0.0
0.0007081031799316406 0.0
0.0008258819580078125 5.960464477539063e-08
0.0010023117065429688 1.6450881958007812e-05
0.0008096694946289062 2.384185791015625e-07
0.0006690025329589844 0.0
0.0006575584411621094 0.0
0.0007119178771972656 0.0
0.0008263587951660156 5.960464477539063e-08
0.001003265380859375 1.6510486602783203e-05
0.0008077621459960938 2.384185791015625e-07
0.00066375732421875 0.0
0.0006856918334960938 0.0
0.0007157325744628906 0.0
0.0008320808410644531 5.960464477539063e-08
0.0010004043579101562 1.633167266845703e-05
0.0008068084716796875 2.384185791015625e-07
0.0006561279296875 0.0
0.0007038116455078125 0.0
0.0007228851318359375 0.0
0.0008363723754882812 5.960464477539063e-08
0.0010013580322265625 1.6450881958007812e-05
0.0008068084716796875 2.384185791015625e-07
0.00066375732421875 0.0
0.0007224082946777344 0.0
0.0007219314575195312 0.0
0.0008378028869628906 5.960464477539063e-08
0.00099945068359375 1.5676021575927734e-05
0.0008058547973632812 2.384185791015625e-07
0.0006680488586425781 0.0
0.0007228851318359375 0.0
0.0007185935974121094 0.0
0.0008373260498046875 5.960464477539063e-08
0.0009946823120117188 1.5974044799804688e-05
0.0008044242858886719 2.384185791015625e-07
0.0006680488586425781 0.0
0.0007004737854003906 0.0
0.0007224082946777344 0.0
0.0008392333984375 5.960464477539063e-08
0.0009918212890625 1.5437602996826172e-05
0.0007996559143066406 2.384185791015625e-07
0.0006709098815917969 0.0
0.0006923675537109375 0.0
0.0007219314575195312 0.0
0.0008435249328613281 1.1920928955078125e-07
0.0009946823120117188 1.5914440155029297e-05
0.0007996559143066406 2.384185791015625e-07
0.0006642341613769531 0.0
0.0006747245788574219 0.0
0.0007100105285644531 0.0
0.0008397102355957031 5.960464477539063e-08
0.0009918212890625 1.5616416931152344e-05
0.0008001327514648438 2.384185791015625e-07
0.0006670951843261719 0.0
0.0006742477416992188 0.0
0.0007014274597167969 0.0
0.0008401870727539062 1.1920928955078125e-07
0.0009918212890625 1.52587890625e-05
0.0008001327514648438 2.384185791015625e-07
0.000667572021484375 0.0
0.0006861686706542969 0.0
0.0007023811340332031 0.0
0.0008373260498046875 1.1920928955078125e-07
0.0009899139404296875 1.537799835205078e-05
0.0008001327514648438 2.384185791015625e-07
0.0006647109985351562 0.0
0.0006880760192871094 0.0
0.000713348388671875 0.0
0.0008444786071777344 1.1920928955078125e-07
0.0009908676147460938 1.5497207641601562e-05
0.0008001327514648438 2.384185791015625e-07
0.0006632804870605469 0.0
0.000690460205078125 0.0
0.000720977783203125 0.0
0.0008382797241210938 1.1920928955078125e-07
0.000988006591796875 1.5437602996826172e-05
0.0007967948913574219 2.384185791015625e-07
0.000659942626953125 0.0
0.0006890296936035156 0.0
0.0007176399230957031 0.0
0.0008454322814941406 1.1920928955078125e-07
0.000988006591796875 1.5437602996826172e-05
0.0007996559143066406 2.384185791015625e-07
0.0006575584411621094 0.0
0.0006861686706542969 0.0
0.0007252693176269531 0.0
0.0008497238159179688 1.1920928955078125e-07
0.000988006591796875 1.5497207641601562e-05
0.0007987022399902344 2.384185791015625e-07
0.0006570816040039062 0.0
0.0006899833679199219 0.0
0.0007290840148925781 0.0
0.0008559226989746094 1.1920928955078125e-07
0.0009851455688476562 1.4781951904296875e-05
0.0007958412170410156 1.7881393432617188e-07
0.00066375732421875 0.0
0.0006928443908691406 0.0
0.00072479248046875 0.0
0.0008497238159179688 1.1920928955078125e-07
0.0009822845458984375 1.5020370483398438e-05
0.0007963180541992188 1.7881393432617188e-07
0.0006618499755859375 0.0
0.0006947517395019531 0.0
0.0007181167602539062 0.0
0.0008521080017089844 1.7881393432617188e-07
0.000980377197265625 1.4960765838623047e-05
0.0007944107055664062 2.384185791015625e-07
0.0006608963012695312 0.0
0.0006957054138183594 0.0
0.0007181167602539062 0.0
0.0008559226989746094 1.7881393432617188e-07
0.0009832382202148438 1.4603137969970703e-05
0.0007925033569335938 1.7881393432617188e-07
0.0006613731384277344 0.0
0.000705718994140625 0.0
0.0007123947143554688 0.0
0.0008525848388671875 1.7881393432617188e-07
0.0009813308715820312 1.4662742614746094e-05
0.0007920265197753906 1.7881393432617188e-07
0.0006628036499023438 0.0
0.0007047653198242188 0.0
0.0007028579711914062 0.0
0.0008544921875 1.1920928955078125e-07
0.000980377197265625 1.4603137969970703e-05
0.0007939338684082031 1.7881393432617188e-07
0.00066375732421875 0.0
0.0007085800170898438 0.0
0.0007157325744628906 0.0
0.0008497238159179688 1.1920928955078125e-07
0.000980377197265625 1.5139579772949219e-05
0.000797271728515625 2.384185791015625e-07
0.0006594657897949219 0.0
0.0007090568542480469 0.0
0.0007200241088867188 0.0
0.0008516311645507812 1.1920928955078125e-07
0.0009870529174804688 1.5079975128173828e-05
0.0007996559143066406 2.384185791015625e-07
0.0006642341613769531 0.0
0.000701904296875 0.0
0.0007176399230957031 0.0
0.0008444786071777344 1.1920928955078125e-07
0.0009813308715820312 1.4901161193847656e-05
0.0007982254028320312 2.384185791015625e-07
0.0006623268127441406 0.0
0.0007033348083496094 0.0
0.000720977783203125 0.0
0.0008492469787597656 1.1920928955078125e-07
0.0009851455688476562 1.4722347259521484e-05
0.0007944107055664062 1.7881393432617188e-07
0.00066375732421875 0.0
0.0006976127624511719 0.0
0.0007176399230957031 0.0
0.0008440017700195312 1.1920928955078125e-07
0.0009822845458984375 1.4722347259521484e-05
0.0007953643798828125 2.384185791015625e-07
0.0006694793701171875 0.0
0.0006923675537109375 0.0
0.0007138252258300781 0.0
0.0008502006530761719 1.1920928955078125e-07
0.000980377197265625 1.436471939086914e-05
0.0007920265197753906 1.7881393432617188e-07
0.0006699562072753906 0.0
0.0006995201110839844 0.0
0.0007028579711914062 0.0
0.0008425712585449219 1.1920928955078125e-07
0.0009794235229492188 1.4483928680419922e-05
0.0007939338684082031 1.7881393432617188e-07
0.00066375732421875 0.0
0.0006918907165527344 0.0
0.0007147789001464844 0.0
0.000843048095703125 1.1920928955078125e-07
0.0009760856628417969 1.430511474609375e-05
0.0007953643798828125 1.7881393432617188e-07
0.0006690025329589844 0.0
0.0006990432739257812 0.0
0.0007252693176269531 0.0
0.0008449554443359375 1.1920928955078125e-07
0.0009813308715820312 1.436471939086914e-05
0.0007953643798828125 1.7881393432617188e-07
0.0006694793701171875 0.0
0.0006928443908691406 0.0
0.000713348388671875 0.0
0.0008521080017089844 1.1920928955078125e-07
0.0009794235229492188 1.4424324035644531e-05
0.0007920265197753906 1.7881393432617188e-07
0.0006723403930664062 0.0
0.0006952285766601562 0.0
0.0007185935974121094 0.0
0.0008440017700195312 1.1920928955078125e-07
0.0009746551513671875 1.430511474609375e-05
0.000797271728515625 1.7881393432617188e-07
0.0006685256958007812 0.0
0.0006957054138183594 0.0
0.0007271766662597656 0.0
0.0008454322814941406 1.1920928955078125e-07
0.0009765625 1.4126300811767578e-05
0.0007939338684082031 1.7881393432617188e-07
0.000667572021484375 0.0
0.0006875991821289062 0.0
0.00072479248046875 0.0
0.0008449554443359375 1.1920928955078125e-07
0.0009732246398925781 1.3709068298339844e-05
0.0007910728454589844 1.7881393432617188e-07
0.0006694793701171875 0.0
0.0006937980651855469 0.0
0.0007185935974121094 0.0
0.0008463859558105469 1.1920928955078125e-07
0.0009741783142089844 1.3947486877441406e-05
0.0007920265197753906 1.7881393432617188e-07
0.0006685256958007812 0.0
0.0006885528564453125 0.0
0.000720977783203125 0.0
0.0008425712585449219 1.1920928955078125e-07
0.0009732246398925781 1.4007091522216797e-05
0.0007901191711425781 1.7881393432617188e-07
0.0006651878356933594 0.0
0.0006895065307617188 0.0
0.0007262229919433594 0.0
0.0008454322814941406 1.1920928955078125e-07
0.0009737014770507812 1.3589859008789062e-05
0.0007882118225097656 1.7881393432617188e-07
0.0006628036499023438 0.0
0.0006952285766601562 0.0
0.0007276535034179688 0.0
0.0008425712585449219 1.1920928955078125e-07
0.0009708404541015625 1.3649463653564453e-05
0.0007910728454589844 1.7881393432617188e-07
0.0006632804870605469 0.0
0.0007004737854003906 0.0
0.0007276535034179688 0.0
0.0008487701416015625 1.1920928955078125e-07
0.0009698867797851562 1.3470649719238281e-05
0.0007910728454589844 1.7881393432617188e-07
0.0006623268127441406 0.0
0.0006976127624511719 0.0
0.0007166862487792969 0.0
0.0008502006530761719 1.1920928955078125e-07
0.0009708404541015625 1.3470649719238281e-05
0.0007901191711425781 1.7881393432617188e-07
0.0006632804870605469 0.0
0.000713348388671875 0.0
0.000720977783203125 0.0
0.0008492469787597656 1.1920928955078125e-07
0.0009665489196777344 1.2993812561035156e-05
0.000782012939453125 1.7881393432617188e-07
0.0006656646728515625 0.0
0.0007166862487792969 0.0
0.0007152557373046875 0.0
0.0008535385131835938 1.7881393432617188e-07
0.0009703636169433594 1.3172626495361328e-05
0.0007853507995605469 1.7881393432617188e-07
0.0006623268127441406 0.0
0.00070953369140625 0.0
0.0007281303405761719 0.0
0.0008568763732910156 1.7881393432617188e-07
0.0009679794311523438 1.329183578491211e-05
0.0007867813110351562 1.7881393432617188e-07
0.0006613731384277344 0.0
0.0007100105285644531 0.0
0.0007319450378417969 0.0
0.0008606910705566406 1.7881393432617188e-07
0.0009665489196777344 1.3053417205810547e-05
0.0007843971252441406 1.7881393432617188e-07
0.0006704330444335938 0.0
0.0007028579711914062 0.0
0.0007309913635253906 0.0
0.0008559226989746094 1.7881393432617188e-07
0.0009641647338867188 1.2576580047607422e-05
0.0007815361022949219 1.7881393432617188e-07
0.0006680488586425781 0.0
0.0006933212280273438 0.0
0.00074005126953125 0.0
0.0008587837219238281 1.7881393432617188e-07
0.0009646415710449219 1.2695789337158203e-05
0.0007805824279785156 1.1920928955078125e-07
0.0006709098815917969 0.0
0.0006890296936035156 0.0
0.0007381439208984375 0.0
0.0008587837219238281 1.7881393432617188e-07
0.0009613037109375 1.245737075805664e-05
0.0007810592651367188 1.1920928955078125e-07
0.0006709098815917969 0.0
0.0006799697875976562 0.0
0.0007295608520507812 0.0
0.0008535385131835938 1.7881393432617188e-07
0.0009608268737792969 1.2576580047607422e-05
0.0007824897766113281 1.7881393432617188e-07
0.0006771087646484375 0.0
0.0006804466247558594 0.0
0.0007190704345703125 0.0
0.0008602142333984375 1.7881393432617188e-07
0.0009627342224121094 1.2636184692382812e-05
0.0007843971252441406 1.7881393432617188e-07
0.0006775856018066406 0.0
0.0006718635559082031 0.0
0.0007147789001464844 0.0
0.0008573532104492188 1.7881393432617188e-07
0.0009617805480957031 1.2278556823730469e-05
0.0007824897766113281 1.7881393432617188e-07
0.00067901611328125 0.0
0.0006799697875976562 0.0
0.0007152557373046875 0.0
0.0008625984191894531 1.7881393432617188e-07
0.0009608268737792969 1.2099742889404297e-05
0.0007791519165039062 1.1920928955078125e-07
0.00067901611328125 0.0
0.0006885528564453125 0.0
0.0007171630859375 0.0
0.0008611679077148438 1.7881393432617188e-07
0.0009598731994628906 1.1980533599853516e-05
0.0007762908935546875 1.1920928955078125e-07
0.0006766319274902344 0.0
0.0006909370422363281 0.0
0.0007147789001464844 0.0
0.0008630752563476562 1.7881393432617188e-07
0.0009565353393554688 1.2278556823730469e-05
0.0007824897766113281 1.1920928955078125e-07
0.0006732940673828125 0.0
0.0006842613220214844 0.0
0.0007147789001464844 0.0
0.0008645057678222656 1.7881393432617188e-07
0.0009546279907226562 1.1861324310302734e-05
0.0007753372192382812 1.1920928955078125e-07
0.00067138671875 0.0
0.0006866455078125 0.0
0.0007100105285644531 0.0
0.0008716583251953125 2.384185791015625e-07
0.0009613037109375 1.2159347534179688e-05
0.0007772445678710938 1.1920928955078125e-07
0.0006699562072753906 0.0
0.0006928443908691406 0.0
0.0007200241088867188 0.0
0.0008683204650878906 2.384185791015625e-07
0.0009584426879882812 1.2099742889404297e-05
0.0007791519165039062 1.1920928955078125e-07
0.0006685256958007812 0.0
0.0006875991821289062 0.0
0.00072479248046875 0.0
0.0008702278137207031 2.384185791015625e-07
0.000957489013671875 1.2099742889404297e-05
0.0007767677307128906 1.1920928955078125e-07
0.0006699562072753906 0.0
0.0006780624389648438 0.0
0.0007381439208984375 0.0
0.0008702278137207031 2.384185791015625e-07
0.0009584426879882812 1.1980533599853516e-05
0.000774383544921875 1.1920928955078125e-07
0.0006723403930664062 0.0
0.0006785392761230469 0.0
0.0007295608520507812 0.0
0.0008730888366699219 2.980232238769531e-07
0.0009579658508300781 1.1920928955078125e-05
0.0007758140563964844 1.1920928955078125e-07
0.0006718635559082031 0.0
0.0006814002990722656 0.0
0.0007328987121582031 0.0
0.0008740425109863281 2.980232238769531e-07
0.0009546279907226562 1.2040138244628906e-05
0.0007753372192382812 1.1920928955078125e-07
0.0006728172302246094 0.0
0.0006771087646484375 0.0
0.0007328987121582031 0.0
0.0008702278137207031 2.980232238769531e-07
0.000957489013671875 1.1682510375976562e-05
0.0007729530334472656 1.1920928955078125e-07
0.0006747245788574219 0.0
0.0006842613220214844 0.0
0.0007090568542480469 0.0
0.0008711814880371094 2.980232238769531e-07
0.0009565353393554688 1.1980533599853516e-05
0.0007762908935546875 1.1920928955078125e-07
0.0006709098815917969 0.0
0.0006818771362304688 0.0
0.0007047653198242188 0.0
0.0008797645568847656 2.980232238769531e-07
0.0009589195251464844 1.1861324310302734e-05
0.0007753372192382812 1.1920928955078125e-07
0.0006756782531738281 0.0
0.0006885528564453125 0.0
0.0007147789001464844 0.0
0.0008730888366699219 2.980232238769531e-07
0.0009579658508300781 1.1920928955078125e-05
0.000774383544921875 1.1920928955078125e-07
0.0006718635559082031 0.0
0.0006890296936035156 0.0
0.0007138252258300781 0.0
0.0008673667907714844 2.980232238769531e-07
0.0009541511535644531 1.1563301086425781e-05
0.0007739067077636719 1.1920928955078125e-07
0.0006694793701171875 0.0
0.0006914138793945312 0.0
0.0007205009460449219 0.0
0.0008754730224609375 2.980232238769531e-07
0.0009570121765136719 1.1682510375976562e-05
0.0007758140563964844 1.1920928955078125e-07
0.0006709098815917969 0.0
0.0006933212280273438 0.0
0.0007100105285644531 0.0
0.0008726119995117188 2.980232238769531e-07
0.0009512901306152344 1.150369644165039e-05
0.0007739067077636719 1.1920928955078125e-07
0.0006737709045410156 0.0
0.0006971359252929688 0.0
0.0007071495056152344 0.0
0.00087738037109375 2.980232238769531e-07
0.0009527206420898438 1.138448715209961e-05
0.0007715225219726562 1.1920928955078125e-07
0.0006728172302246094 0.0
0.0006961822509765625 0.0
0.000713348388671875 0.0
0.0008716583251953125 2.980232238769531e-07
0.0009565353393554688 1.1682510375976562e-05
0.0007734298706054688 1.1920928955078125e-07
0.0006728172302246094 0.0
0.0007023811340332031 0.0
0.0007071495056152344 0.0
0.0008721351623535156 2.384185791015625e-07
0.0009522438049316406 1.1265277862548828e-05
0.0007710456848144531 1.1920928955078125e-07
0.00067901611328125 0.0
0.0006985664367675781 0.0
0.0007090568542480469 0.0
0.0008702278137207031 2.384185791015625e-07
0.0009522438049316406 1.1622905731201172e-05
0.0007724761962890625 1.1920928955078125e-07
0.0006709098815917969 0.0
0.0006933212280273438 0.0
0.0007162094116210938 0.0
0.0008730888366699219 2.980232238769531e-07
0.0009560585021972656 1.138448715209961e-05
0.0007724761962890625 1.1920928955078125e-07
0.0006613731384277344 0.0
0.0006999969482421875 0.0
0.0007162094116210938 0.0
0.0008745193481445312 2.980232238769531e-07
0.0009546279907226562 1.150369644165039e-05
0.0007724761962890625 1.1920928955078125e-07
0.00067138671875 0.0
0.000698089599609375 0.0
0.0007219314575195312 0.0
0.0008788108825683594 2.980232238769531e-07
0.0009584426879882812 1.2040138244628906e-05
0.0007719993591308594 1.1920928955078125e-07
0.00067138671875 0.0
0.0007014274597167969 0.0
0.0007143020629882812 0.0
0.0008754730224609375 2.980232238769531e-07
0.000949859619140625 1.1563301086425781e-05
0.0007658004760742188 1.1920928955078125e-07
0.0006704330444335938 0.0
0.0007052421569824219 0.0
0.0007076263427734375 0.0
0.0008730888366699219 2.980232238769531e-07
0.0009565353393554688 1.1980533599853516e-05
0.0007677078247070312 1.1920928955078125e-07
0.0006694793701171875 0.0
0.0007038116455078125 0.0
0.0007128715515136719 0.0
0.0008740425109863281 2.980232238769531e-07
0.00095367431640625 1.1563301086425781e-05
0.0007648468017578125 5.960464477539063e-08
0.0006685256958007812 0.0
0.0007076263427734375 0.0
0.0007205009460449219 0.0
0.0008640289306640625 2.384185791015625e-07
0.0009474754333496094 1.1444091796875e-05
0.0007634162902832031 5.960464477539063e-08
0.0006680488586425781 0.0
0.0007100105285644531 0.0
0.0007185935974121094 0.0
0.0008683204650878906 2.384185791015625e-07
0.0009584426879882812 1.1980533599853516e-05
0.000766754150390625 5.960464477539063e-08
0.0006775856018066406 0.0
0.0007085800170898438 0.0
0.0007262229919433594 0.0
0.0008673667907714844 2.384185791015625e-07
0.0009512901306152344 1.1682510375976562e-05
0.0007643699645996094 5.960464477539063e-08
0.0006647109985351562 0.0
0.0007100105285644531 0.0
0.000720977783203125 0.0
0.0008730888366699219 2.384185791015625e-07
0.0009555816650390625 1.2099742889404297e-05
0.0007672309875488281 5.960464477539063e-08
0.0006704330444335938 0.0
0.0007157325744628906 0.0
0.0007166862487792969 0.0
0.0008683204650878906 2.384185791015625e-07
0.0009531974792480469 1.1682510375976562e-05
0.0007643699645996094 5.960464477539063e-08
0.0006771087646484375 0.0
0.0007071495056152344 0.0
0.0007109642028808594 0.0
0.0008745193481445312 2.384185791015625e-07
0.0009517669677734375 1.1563301086425781e-05
0.0007658004760742188 5.960464477539063e-08
0.0006775856018066406 0.0
0.0007114410400390625 0.0
0.0007123947143554688 0.0
0.0008707046508789062 2.980232238769531e-07
0.000949859619140625 1.1444091796875e-05
0.0007658004760742188 5.960464477539063e-08
0.0006747245788574219 0.0
0.0007109642028808594 0.0
0.0007123947143554688 0.0
0.000873565673828125 2.384185791015625e-07
0.00095367431640625 1.1742115020751953e-05
0.0007662773132324219 5.960464477539063e-08
0.0006766319274902344 0.0
0.0007147789001464844 0.0
0.0007085800170898438 0.0
0.0008745193481445312 2.980232238769531e-07
0.0009522438049316406 1.138448715209961e-05
0.0007634162902832031 5.960464477539063e-08
0.0006799697875976562 0.0
0.000713348388671875 0.0
0.0007162094116210938 0.0
0.0008745193481445312 2.980232238769531e-07
0.000957489013671875 1.1801719665527344e-05
0.0007672309875488281 5.960464477539063e-08
0.00067901611328125 0.0
0.000713348388671875 0.0
0.0007205009460449219 0.0
0.000873565673828125 2.384185791015625e-07
0.0009613037109375 1.233816146850586e-05
0.0007719993591308594 1.1920928955078125e-07
0.0006794929504394531 0.0
0.00070953369140625 0.0
0.0007190704345703125 0.0
0.0008640289306640625 2.384185791015625e-07
0.0009541511535644531 1.1980533599853516e-05
0.0007710456848144531 1.1920928955078125e-07
0.0006656646728515625 0.0
0.000713348388671875 0.0
0.0007276535034179688 0.0
0.0008730888366699219 2.384185791015625e-07
0.0009593963623046875 1.2278556823730469e-05
0.0007739067077636719 1.1920928955078125e-07
0.0006742477416992188 0.0
0.0007152557373046875 0.0
0.0007228851318359375 0.0
0.0008740425109863281 2.384185791015625e-07
0.0009608268737792969 1.239776611328125e-05
0.000774383544921875 1.1920928955078125e-07
0.0006732940673828125 0.0
0.0007152557373046875 0.0
0.0007262229919433594 0.0
0.0008749961853027344 2.384185791015625e-07
0.0009589195251464844 1.2218952178955078e-05
0.0007758140563964844 1.1920928955078125e-07
0.0006737709045410156 0.0
0.0007224082946777344 0.0
0.0007195472717285156 0.0
0.00087738037109375 2.980232238769531e-07
0.0009636878967285156 1.2695789337158203e-05
0.0007777214050292969 1.1920928955078125e-07
0.0006742477416992188 0.0
0.0007271766662597656 0.0
0.0007190704345703125 0.0
0.0008716583251953125 2.980232238769531e-07
0.0009589195251464844 1.1920928955078125e-05
0.0007715225219726562 1.1920928955078125e-07
0.0006728172302246094 0.0
0.0007295608520507812 0.0
0.0007257461547851562 0.0
0.0008816719055175781 3.5762786865234375e-07
0.000957489013671875 1.2040138244628906e-05
0.0007734298706054688 1.1920928955078125e-07
0.0006799697875976562 0.0
0.000728607177734375 0.0
0.0007071495056152344 0.0
0.0008778572082519531 2.980232238769531e-07
0.00095367431640625 1.1861324310302734e-05
0.0007724761962890625 1.1920928955078125e-07
0.00067138671875 0.0
0.000732421875 0.0
0.0007262229919433594 0.0
0.0008854866027832031 3.5762786865234375e-07
0.0009551048278808594 1.2040138244628906e-05
0.0007772445678710938 1.1920928955078125e-07
0.0006718635559082031 0.0
0.0007290840148925781 0.0
0.0007328987121582031 0.0
0.0008864402770996094 3.5762786865234375e-07
0.0009565353393554688 1.2099742889404297e-05
0.0007715225219726562 1.1920928955078125e-07
0.0006771087646484375 0.0
0.0007309913635253906 0.0
0.0007138252258300781 0.0
0.0008854866027832031 4.76837158203125e-07
0.0009589195251464844 1.2159347534179688e-05
0.000774383544921875 1.1920928955078125e-07
0.0006804466247558594 0.0
0.0007333755493164062 0.0
0.0007128715515136719 0.0
0.0008873939514160156 4.76837158203125e-07
0.0009560585021972656 1.1742115020751953e-05
0.00077056884765625 1.1920928955078125e-07
0.0006766319274902344 0.0
0.00072479248046875 0.0
0.0007162094116210938 0.0
0.0008864402770996094 5.960464477539062e-07
0.0009493827819824219 1.150369644165039e-05
0.0007686614990234375 5.960464477539063e-08
0.0006718635559082031 0.0
0.0007257461547851562 0.0
0.0007233619689941406 0.0
0.0008912086486816406 6.556510925292969e-07
0.0009503364562988281 1.1622905731201172e-05
0.0007696151733398438 1.1920928955078125e-07
0.0006732940673828125 0.0
0.0007162094116210938 0.0
0.0007143020629882812 0.0
0.0008921623229980469 6.556510925292969e-07
0.0009531974792480469 1.1682510375976562e-05
0.00077056884765625 5.960464477539063e-08
0.0006847381591796875 0.0
0.000728607177734375 0.0
0.0007100105285644531 0.0
0.000896453857421875 7.152557373046875e-07
0.0009407997131347656 1.1146068572998047e-05
0.0007653236389160156 5.960464477539063e-08
0.0006742477416992188 0.0
0.0007224082946777344 0.0
0.0007128715515136719 0.0
0.0008988380432128906 7.748603820800781e-07
0.000949859619140625 1.138448715209961e-05
0.0007648468017578125 5.960464477539063e-08
0.0006875991821289062 0.0
0.0007205009460449219 0.0
0.0007119178771972656 0.0
0.0009002685546875 7.152557373046875e-07
0.0009455680847167969 1.1086463928222656e-05
0.0007677078247070312 5.960464477539063e-08
0.0006799697875976562 0.0
0.0007109642028808594 0.0
0.0006961822509765625 0.0
0.0008959770202636719 7.152557373046875e-07
0.0009508132934570312 1.138448715209961e-05
0.0007691383361816406 5.960464477539063e-08
0.0006847381591796875 0.0
0.0007076263427734375 0.0
0.000705718994140625 0.0
0.0008959770202636719 7.152557373046875e-07
0.0009455680847167969 1.138448715209961e-05
0.0007672309875488281 5.960464477539063e-08
0.0006871223449707031 0.0
0.0007085800170898438 0.0
0.000705718994140625 0.0
0.0008959770202636719 7.152557373046875e-07
0.0009493827819824219 1.1622905731201172e-05
0.0007734298706054688 5.960464477539063e-08
0.0006809234619140625 0.0
0.0006995201110839844 0.0
0.0007023811340332031 0.0
0.0008916854858398438 6.556510925292969e-07
0.0009489059448242188 1.138448715209961e-05
0.0007696151733398438 5.960464477539063e-08
0.0006852149963378906 0.0
0.000705718994140625 0.0
0.0007076263427734375 0.0
0.0008974075317382812 7.152557373046875e-07
0.0009465217590332031 1.138448715209961e-05
0.0007691383361816406 5.960464477539063e-08
0.0006842613220214844 0.0
0.0007028579711914062 0.0
0.0007176399230957031 0.0
0.0008873939514160156 5.364418029785156e-07
0.0009446144104003906 1.1205673217773438e-05
0.0007715225219726562 5.960464477539063e-08
0.0006833076477050781 0.0
0.0006971359252929688 0.0
0.0007228851318359375 0.0
0.0008854866027832031 5.364418029785156e-07
0.0009469985961914062 1.150369644165039e-05
0.0007710456848144531 5.960464477539063e-08
0.0006866455078125 0.0
0.0007038116455078125 0.0
0.0007076263427734375 0.0
0.000885009765625 4.76837158203125e-07
0.000946044921875 1.150369644165039e-05
0.0007719993591308594 5.960464477539063e-08
0.000682830810546875 0.0
0.0007061958312988281 0.0
0.0007152557373046875 0.0
0.000881195068359375 4.76837158203125e-07
0.0009484291076660156 1.1920928955078125e-05
0.000774383544921875 5.960464477539063e-08
0.0006809234619140625 0.0
0.0007104873657226562 0.0
0.0007109642028808594 0.0
0.0008816719055175781 4.76837158203125e-07
0.0009489059448242188 1.1622905731201172e-05
0.0007677078247070312 5.960464477539063e-08
0.0006818771362304688 0.0
0.0007033348083496094 0.0
0.0007114410400390625 0.0
0.0008816719055175781 4.172325134277344e-07
0.0009479522705078125 1.150369644165039e-05
0.0007700920104980469 5.960464477539063e-08
0.0006847381591796875 0.0
0.0007085800170898438 0.0
0.00070953369140625 0.0
0.0008897781372070312 5.364418029785156e-07
0.0009512901306152344 1.1622905731201172e-05
0.0007719993591308594 5.960464477539063e-08
0.0006871223449707031 0.0
0.0007152557373046875 0.0
0.0007090568542480469 0.0
0.0008902549743652344 5.364418029785156e-07
0.000949859619140625 1.1324882507324219e-05
0.0007686614990234375 5.960464477539063e-08
0.0006866455078125 0.0
0.0007119178771972656 0.0
0.0007224082946777344 0.0
0.0008907318115234375 5.960464477539062e-07
0.0009465217590332031 1.150369644165039e-05
0.0007686614990234375 5.960464477539063e-08
0.0006852149963378906 0.0
0.0007066726684570312 0.0
0.0007328987121582031 0.0
0.0008921623229980469 6.556510925292969e-07
0.0009517669677734375 1.1861324310302734e-05
0.0007700920104980469 5.960464477539063e-08
0.0006952285766601562 0.0
0.0007181167602539062 0.0
0.000720977783203125 0.0
0.0008950233459472656 7.152557373046875e-07
0.0009479522705078125 1.1563301086425781e-05
0.0007677078247070312 5.960464477539063e-08
0.0006856918334960938 0.0
0.0007162094116210938 0.0
0.0007228851318359375 0.0
0.0008935928344726562 6.556510925292969e-07
0.0009484291076660156 1.1801719665527344e-05
0.0007700920104980469 5.960464477539063e-08
0.0006890296936035156 0.0
0.0007195472717285156 0.0
0.0007200241088867188 0.0
0.0008864402770996094 5.960464477539062e-07
0.000946044921875 1.1563301086425781e-05
0.0007729530334472656 5.960464477539063e-08
0.0006842613220214844 0.0
0.0007152557373046875 0.0
0.0007290840148925781 0.0
0.0008907318115234375 4.76837158203125e-07
0.0009512901306152344 1.1742115020751953e-05
0.0007715225219726562 5.960464477539063e-08
0.0006847381591796875 0.0
0.0007147789001464844 0.0
0.0007081031799316406 0.0
0.0008883476257324219 5.364418029785156e-07
0.0009503364562988281 1.1682510375976562e-05
0.0007753372192382812 5.960464477539063e-08
0.0006761550903320312 0.0
0.0007143020629882812 0.0
0.0007214546203613281 0.0
0.0008907318115234375 5.960464477539062e-07
0.0009527206420898438 1.1682510375976562e-05
0.0007772445678710938 1.1920928955078125e-07
0.000682830810546875 0.0
0.000705718994140625 0.0
0.0007233619689941406 0.0
0.00089263916015625 6.556510925292969e-07
0.0009489059448242188 1.1563301086425781e-05
0.000774383544921875 1.1920928955078125e-07
0.0006847381591796875 0.0
0.0007076263427734375 0.0
0.0007166862487792969 0.0
0.00089263916015625 5.960464477539062e-07
0.0009450912475585938 1.1205673217773438e-05
0.000774383544921875 5.960464477539063e-08
0.0006814002990722656 0.0
0.0007028579711914062 0.0
0.0007295608520507812 0.0
0.0008974075317382812 6.556510925292969e-07
0.0009479522705078125 1.1265277862548828e-05
0.0007753372192382812 1.1920928955078125e-07
0.0006895065307617188 0.0
0.000701904296875 0.0
0.0007162094116210938 0.0
0.0008921623229980469 5.960464477539062e-07
0.0009484291076660156 1.1324882507324219e-05
0.0007739067077636719 5.960464477539063e-08
0.0006861686706542969 0.0
0.0007023811340332031 0.0
0.0007252693176269531 0.0
0.0009021759033203125 5.960464477539062e-07
0.0009512901306152344 1.1444091796875e-05
0.0007781982421875 1.1920928955078125e-07
0.0006928443908691406 0.0
0.0007042884826660156 0.0
0.0007205009460449219 0.0
0.0008931159973144531 5.960464477539062e-07
0.0009503364562988281 1.1265277862548828e-05
0.0007739067077636719 5.960464477539063e-08
0.0006833076477050781 0.0
0.0007033348083496094 0.0
0.0007290840148925781 0.0
0.0008912086486816406 5.364418029785156e-07
0.0009484291076660156 1.1324882507324219e-05
0.0007758140563964844 5.960464477539063e-08
0.0006880760192871094 0.0
0.0007090568542480469 0.0
0.0007295608520507812 0.0
0.0008935928344726562 5.364418029785156e-07
0.000946044921875 1.1324882507324219e-05
0.0007748603820800781 1.1920928955078125e-07
0.0006856918334960938 0.0
0.0007081031799316406 0.0
0.000728607177734375 0.0
0.0008912086486816406 5.364418029785156e-07
0.0009417533874511719 1.0967254638671875e-05
0.0007710456848144531 5.960464477539063e-08
0.000682830810546875 0.0
0.0007042884826660156 0.0
0.0007352828979492188 0.0
0.0008969306945800781 6.556510925292969e-07
0.0009474754333496094 1.150369644165039e-05
0.0007710456848144531 5.960464477539063e-08
0.0006923675537109375 0.0
0.0007166862487792969 0.0
0.0007185935974121094 0.0
0.0008988380432128906 7.152557373046875e-07
0.0009431838989257812 1.1324882507324219e-05
0.0007691383361816406 5.960464477539063e-08
0.0006895065307617188 0.0
0.0007104873657226562 0.0
0.0007143020629882812 0.0
0.0008997917175292969 7.152557373046875e-07
0.0009446144104003906 1.1026859283447266e-05
0.0007686614990234375 5.960464477539063e-08
0.000690460205078125 0.0
0.0007185935974121094 0.0
0.0007238388061523438 0.0
0.0008988380432128906 7.152557373046875e-07
0.000942230224609375 1.1146068572998047e-05
0.0007672309875488281 5.960464477539063e-08
0.0006875991821289062 0.0
0.0007238388061523438 0.0
0.0007228851318359375 0.0
0.0008993148803710938 7.748603820800781e-07
0.0009474754333496094 1.1324882507324219e-05
0.0007700920104980469 5.960464477539063e-08
0.0006914138793945312 0.0
0.0007200241088867188 0.0
0.0007200241088867188 0.0
0.0008959770202636719 7.152557373046875e-07
0.0009407997131347656 1.0788440704345703e-05
0.0007653236389160156 5.960464477539063e-08
0.0006833076477050781 0.0
0.0007219314575195312 0.0
0.0007185935974121094 0.0
0.0009031295776367188 7.748603820800781e-07
0.000946044921875 1.1265277862548828e-05
0.0007691383361816406 5.960464477539063e-08
0.0006890296936035156 0.0
0.000720977783203125 0.0
0.0007266998291015625 0.0
0.0009002685546875 7.748603820800781e-07
0.0009455680847167969 1.1146068572998047e-05
0.0007710456848144531 5.960464477539063e-08
0.0006890296936035156 0.0
0.0007166862487792969 0.0
0.000732421875 0.0
0.0008969306945800781 7.152557373046875e-07
0.0009450912475585938 1.0848045349121094e-05
0.0007724761962890625 5.960464477539063e-08
0.0006856918334960938 0.0
0.0007085800170898438 0.0
0.0007381439208984375 0.0
0.0008969306945800781 7.152557373046875e-07
0.00093841552734375 1.043081283569336e-05
0.0007686614990234375 5.960464477539063e-08
0.0006852149963378906 0.0
0.0007042884826660156 0.0
0.0007405281066894531 0.0
0.0008983612060546875 7.748603820800781e-07
0.0009465217590332031 1.1086463928222656e-05
0.0007719993591308594 5.960464477539063e-08
0.0006861686706542969 0.0
0.0006999969482421875 0.0
0.000732421875 0.0
0.0008969306945800781 7.152557373046875e-07
0.0009407997131347656 1.0788440704345703e-05
0.0007724761962890625 5.960464477539063e-08
0.0006861686706542969 0.0
0.0006952285766601562 0.0
0.0007214546203613281 0.0
0.0009026527404785156 8.344650268554688e-07
0.0009393692016601562 1.049041748046875e-05
0.0007700920104980469 5.960464477539063e-08
0.0006880760192871094 0.0
0.0007042884826660156 0.0
0.0007195472717285156 0.0
0.0008988380432128906 7.748603820800781e-07
0.000942230224609375 1.0967254638671875e-05
0.0007710456848144531 5.960464477539063e-08
0.0006918907165527344 0.0
0.0007009506225585938 0.0
0.0007104873657226562 0.0
0.0008983612060546875 7.152557373046875e-07
0.0009417533874511719 1.0669231414794922e-05
0.0007715225219726562 5.960464477539063e-08
0.0006966590881347656 0.0
0.0007081031799316406 0.0
0.000713348388671875 0.0
0.0008983612060546875 7.152557373046875e-07
0.0009412765502929688 1.0609626770019531e-05
0.0007715225219726562 5.960464477539063e-08
0.0006966590881347656 0.0
0.0007100105285644531 0.0
0.0007047653198242188 0.0
0.000896453857421875 7.152557373046875e-07
0.0009393692016601562 1.0848045349121094e-05
0.0007729530334472656 5.960464477539063e-08
0.0006947517395019531 0.0
0.0007143020629882812 0.0
0.0007009506225585938 0.0
0.0008993148803710938 7.152557373046875e-07
0.0009398460388183594 1.0967254638671875e-05
0.0007734298706054688 5.960464477539063e-08
0.0006976127624511719 0.0
0.0007076263427734375 0.0
0.0007109642028808594 0.0
0.0009088516235351562 7.748603820800781e-07
0.0009374618530273438 1.1146068572998047e-05
0.0007739067077636719 1.1920928955078125e-07
0.0006971359252929688 0.0
0.0007104873657226562 0.0
0.0007123947143554688 0.0
0.0009031295776367188 7.152557373046875e-07
0.0009365081787109375 1.0371208190917969e-05
0.0007724761962890625 5.960464477539063e-08
0.0006971359252929688 0.0
0.0007109642028808594 0.0
0.0007171630859375 0.0
0.0009088516235351562 8.344650268554688e-07
0.0009388923645019531 1.0788440704345703e-05
0.0007719993591308594 5.960464477539063e-08
0.0007014274597167969 0.0
0.00070953369140625 0.0
0.00070953369140625 0.0
0.0009007453918457031 8.344650268554688e-07
0.000934600830078125 1.0371208190917969e-05
0.0007710456848144531 5.960464477539063e-08
0.0007009506225585938 0.0
0.0007066726684570312 0.0
0.0007052421569824219 0.0
0.0009045600891113281 8.344650268554688e-07
0.0009436607360839844 1.0967254638671875e-05
0.0007748603820800781 5.960464477539063e-08
0.000705718994140625 0.0
0.0007114410400390625 0.0
0.000701904296875 0.0
0.0009036064147949219 7.748603820800781e-07
0.0009374618530273438 1.055002212524414e-05
0.0007724761962890625 5.960464477539063e-08
0.0007014274597167969 0.0
0.0007090568542480469 0.0
0.0007190704345703125 0.0
0.0009016990661621094 8.344650268554688e-07
0.0009369850158691406 1.0848045349121094e-05
0.0007700920104980469 5.960464477539063e-08
0.0006990432739257812 0.0
0.0007152557373046875 0.0
0.0007238388061523438 0.0
0.0009012222290039062 8.344650268554688e-07
0.0009355545043945312 1.0371208190917969e-05
0.000766754150390625 5.960464477539063e-08
0.0006947517395019531 0.0
0.0007138252258300781 0.0
0.0007243156433105469 0.0
0.0009031295776367188 8.344650268554688e-07
0.0009403228759765625 1.0848045349121094e-05
0.0007691383361816406 5.960464477539063e-08
0.0007004737854003906 0.0
0.0007271766662597656 0.0
0.0007271766662597656 0.0
0.0009007453918457031 7.748603820800781e-07
0.0009369850158691406 1.055002212524414e-05
0.0007662773132324219 5.960464477539063e-08
0.0006976127624511719 0.0
0.00072479248046875 0.0
0.000732421875 0.0
0.0008978843688964844 7.748603820800781e-07
0.0009412765502929688 1.0728836059570312e-05
0.0007658004760742188 5.960464477539063e-08
0.0006914138793945312 0.0
0.0007266998291015625 0.0
0.0007176399230957031 0.0
0.0008955001831054688 7.152557373046875e-07
0.000942230224609375 1.1026859283447266e-05
0.0007724761962890625 5.960464477539063e-08
0.0006966590881347656 0.0
0.0007257461547851562 0.0
0.0007281303405761719 0.0
0.0009021759033203125 7.152557373046875e-07
0.0009465217590332031 1.1205673217773438e-05
0.0007710456848144531 5.960464477539063e-08
0.0006952285766601562 0.0
0.0007171630859375 0.0
0.0007238388061523438 0.0
0.0008997917175292969 7.152557373046875e-07
0.0009465217590332031 1.1026859283447266e-05
0.0007719993591308594 5.960464477539063e-08
0.00069427490234375 0.0
0.0007138252258300781 0.0
0.0007271766662597656 0.0
0.0009045600891113281 8.344650268554688e-07
0.0009431838989257812 1.0848045349121094e-05
0.0007719993591308594 5.960464477539063e-08
0.0006971359252929688 0.0
0.0007162094116210938 0.0
0.0007348060607910156 0.0
0.0009050369262695312 7.748603820800781e-07
0.0009484291076660156 1.1265277862548828e-05
0.0007753372192382812 5.960464477539063e-08
0.0007028579711914062 0.0
0.000713348388671875 0.0
0.0007233619689941406 0.0
0.000904083251953125 8.344650268554688e-07
0.0009417533874511719 1.1146068572998047e-05
0.0007715225219726562 5.960464477539063e-08
0.0006957054138183594 0.0
0.0007171630859375 0.0
0.0007224082946777344 0.0
0.000904083251953125 8.344650268554688e-07
0.0009436607360839844 1.1086463928222656e-05
0.0007715225219726562 5.960464477539063e-08
0.0006952285766601562 0.0
0.0007162094116210938 0.0
0.0007395744323730469 0.0
0.0009064674377441406 8.940696716308594e-07
0.0009508132934570312 1.1324882507324219e-05
0.0007724761962890625 5.960464477539063e-08
0.0006999969482421875 0.0
0.0007252693176269531 0.0
0.0007357597351074219 0.0
0.0009036064147949219 8.344650268554688e-07
0.0009469985961914062 1.138448715209961e-05
0.0007719993591308594 5.960464477539063e-08
0.000701904296875 0.0
0.0007228851318359375 0.0
0.0007262229919433594 0.0
0.0009069442749023438 8.344650268554688e-07
0.00095367431640625 1.1622905731201172e-05
0.0007753372192382812 5.960464477539063e-08
0.000701904296875 0.0
0.0007290840148925781 0.0
0.0007328987121582031 0.0
0.0009036064147949219 8.940696716308594e-07
0.0009493827819824219 1.1563301086425781e-05
0.0007753372192382812 5.960464477539063e-08
0.0006961822509765625 0.0
0.000720977783203125 0.0
0.0007352828979492188 0.0
0.0009121894836425781 9.5367431640625e-07
0.0009479522705078125 1.1622905731201172e-05
0.0007748603820800781 5.960464477539063e-08
0.0006923675537109375 0.0
0.0007219314575195312 0.0
0.0007376670837402344 0.0
0.0009069442749023438 8.344650268554688e-07
0.000949859619140625 1.1205673217773438e-05
0.0007739067077636719 5.960464477539063e-08
0.0006971359252929688 0.0
0.0007166862487792969 0.0
0.0007271766662597656 0.0
0.0009150505065917969 9.5367431640625e-07
0.0009493827819824219 1.1444091796875e-05
0.000774383544921875 5.960464477539063e-08
0.0006985664367675781 0.0
0.0007238388061523438 0.0
0.0007233619689941406 0.0
0.0009150505065917969 9.5367431640625e-07
0.0009484291076660156 1.1622905731201172e-05
0.0007748603820800781 1.1920928955078125e-07
0.0006976127624511719 0.0
0.0007214546203613281 0.0
0.0007309913635253906 0.0
0.000919342041015625 1.0728836059570312e-06
0.0009484291076660156 1.1444091796875e-05
0.0007753372192382812 1.1920928955078125e-07
0.0007042884826660156 0.0
0.000720977783203125 0.0
0.0007266998291015625 0.0
0.00091552734375 9.5367431640625e-07
0.0009493827819824219 1.1205673217773438e-05
0.0007758140563964844 1.1920928955078125e-07
0.0007047653198242188 0.0
0.0007190704345703125 0.0
0.0007162094116210938 0.0
0.0009160041809082031 1.0728836059570312e-06
0.0009479522705078125 1.1324882507324219e-05
0.0007772445678710938 1.1920928955078125e-07
0.000701904296875 0.0
0.0007195472717285156 0.0
0.0007290840148925781 0.0
0.0009136199951171875 8.940696716308594e-07
0.0009436607360839844 1.1146068572998047e-05
0.0007748603820800781 5.960464477539063e-08
0.0006995201110839844 0.0
0.0007190704345703125 0.0
0.0007228851318359375 0.0
0.0009169578552246094 9.5367431640625e-07
0.0009469985961914062 1.138448715209961e-05
0.0007772445678710938 1.1920928955078125e-07
0.0007028579711914062 0.0
0.0007152557373046875 0.0
0.000732421875 0.0
0.0009083747863769531 8.344650268554688e-07
0.0009446144104003906 1.1324882507324219e-05
0.0007767677307128906 1.1920928955078125e-07
0.0006985664367675781 0.0
0.0007143020629882812 0.0
0.0007352828979492188 0.0
0.0009098052978515625 8.940696716308594e-07
0.0009493827819824219 1.138448715209961e-05
0.0007786750793457031 1.1920928955078125e-07
0.0007009506225585938 0.0
0.000713348388671875 0.0
0.0007276535034179688 0.0
0.00090789794921875 8.344650268554688e-07
0.0009479522705078125 1.1205673217773438e-05
0.0007758140563964844 1.1920928955078125e-07
0.0007033348083496094 0.0
0.0007042884826660156 0.0
0.0007281303405761719 0.0
0.0009088516235351562 8.344650268554688e-07
0.0009565353393554688 1.2099742889404297e-05
0.0007824897766113281 1.1920928955078125e-07
0.0007076263427734375 0.0
0.0007100105285644531 0.0
0.0007348060607910156 0.0
0.0009012222290039062 7.748603820800781e-07
0.0009479522705078125 1.138448715209961e-05
0.0007777214050292969 1.1920928955078125e-07
0.0007004737854003906 0.0
0.0007104873657226562 0.0
0.0007338523864746094 0.0
0.0008974075317382812 7.152557373046875e-07
0.000949859619140625 1.1742115020751953e-05
0.0007786750793457031 1.1920928955078125e-07
0.000698089599609375 0.0
0.0007171630859375 0.0
0.0007300376892089844 0.0
0.0008912086486816406 6.556510925292969e-07
0.0009455680847167969 1.1324882507324219e-05
0.0007748603820800781 5.960464477539063e-08
0.0006985664367675781 0.0
0.0007147789001464844 0.0
0.0007228851318359375 0.0
0.0008997917175292969 7.152557373046875e-07
0.0009517669677734375 1.1920928955078125e-05
0.0007762908935546875 1.1920928955078125e-07
0.0007033348083496094 0.0
0.0007157325744628906 0.0
0.00072479248046875 0.0
0.000896453857421875 7.152557373046875e-07
0.0009517669677734375 1.1742115020751953e-05
0.0007786750793457031 1.1920928955078125e-07
0.0007009506225585938 0.0
0.0007171630859375 0.0
0.0007314682006835938 0.0
0.0008955001831054688 7.152557373046875e-07
0.0009469985961914062 1.1742115020751953e-05
0.0007767677307128906 1.1920928955078125e-07
0.0006995201110839844 0.0
0.000713348388671875 0.0
0.0007295608520507812 0.0
0.0009012222290039062 8.344650268554688e-07
0.000949859619140625 1.2218952178955078e-05
0.0007762908935546875 1.1920928955078125e-07
0.0007023811340332031 0.0
0.0007100105285644531 0.0
0.0007238388061523438 0.0
0.0009036064147949219 8.344650268554688e-07
0.00095367431640625 1.1980533599853516e-05
0.0007810592651367188 1.1920928955078125e-07
0.0007004737854003906 0.0
0.0007147789001464844 0.0
0.0007381439208984375 0.0
0.0009016990661621094 8.344650268554688e-07
0.0009517669677734375 1.1682510375976562e-05
0.0007791519165039062 1.1920928955078125e-07
0.0007014274597167969 0.0
0.0007047653198242188 0.0
0.000728607177734375 0.0
0.0009031295776367188 7.748603820800781e-07
0.0009484291076660156 1.1622905731201172e-05
0.0007777214050292969 1.1920928955078125e-07
0.0007038116455078125 0.0
0.0007119178771972656 0.0
0.0007381439208984375 0.0
0.0009098052978515625 8.940696716308594e-07
0.0009493827819824219 1.1980533599853516e-05
0.0007786750793457031 1.1920928955078125e-07
0.0007028579711914062 0.0
0.0007224082946777344 0.0
0.0007305145263671875 0.0
0.0009069442749023438 8.940696716308594e-07
0.0009489059448242188 1.1622905731201172e-05
0.0007777214050292969 1.1920928955078125e-07
0.0007038116455078125 0.0
0.0007185935974121094 0.0
0.0007252693176269531 0.0
0.0009121894836425781 1.0728836059570312e-06
0.0009450912475585938 1.1265277862548828e-05
0.0007734298706054688 5.960464477539063e-08
0.0007052421569824219 0.0
0.0007200241088867188 0.0
0.0007281303405761719 0.0
0.0009160041809082031 1.0132789611816406e-06
0.0009489059448242188 1.1801719665527344e-05
0.0007748603820800781 1.1920928955078125e-07
0.0007061958312988281 0.0
0.0007185935974121094 0.0
0.0007200241088867188 0.0
0.0009083747863769531 9.5367431640625e-07
0.0009484291076660156 1.1444091796875e-05
0.0007753372192382812 5.960464477539063e-08
0.0007066726684570312 0.0
0.0007243156433105469 0.0
0.0007257461547851562 0.0
0.0009140968322753906 1.0132789611816406e-06
0.000946044921875 1.150369644165039e-05
0.0007729530334472656 5.960464477539063e-08
0.0007042884826660156 0.0
0.0007243156433105469 0.0
0.0007305145263671875 0.0
0.0009121894836425781 1.0132789611816406e-06
0.0009450912475585938 1.1444091796875e-05
0.0007724761962890625 5.960464477539063e-08
0.000705718994140625 0.0
0.0007266998291015625 0.0
0.000736236572265625 0.0
0.0009164810180664062 1.0728836059570312e-06
0.0009512901306152344 1.1920928955078125e-05
0.0007753372192382812 1.1920928955078125e-07
0.000705718994140625 0.0
0.0007214546203613281 0.0
0.0007266998291015625 0.0
0.0009222030639648438 1.1324882507324219e-06
0.0009450912475585938 1.138448715209961e-05
0.0007734298706054688 5.960464477539063e-08
0.0007090568542480469 0.0
0.0007252693176269531 0.0
0.0007443428039550781 0.0
0.0009236335754394531 1.2516975402832031e-06
0.000946044921875 1.1682510375976562e-05
0.0007748603820800781 1.1920928955078125e-07
0.0007128715515136719 0.0
0.0007219314575195312 0.0
0.0007257461547851562 0.0
0.0009183883666992188 1.1324882507324219e-06
0.0009503364562988281 1.1861324310302734e-05
0.0007767677307128906 5.960464477539063e-08
0.0007085800170898438 0.0
0.0007266998291015625 0.0
0.0007152557373046875 0.0
0.0009140968322753906 1.0728836059570312e-06
0.0009455680847167969 1.1324882507324219e-05
0.0007767677307128906 5.960464477539063e-08
0.0007109642028808594 0.0
0.0007185935974121094 0.0
0.0007181167602539062 0.0
0.0009179115295410156 1.1324882507324219e-06
0.0009436607360839844 1.1086463928222656e-05
0.0007781982421875 5.960464477539063e-08
0.0007038116455078125 0.0
0.0007190704345703125 0.0
0.0007195472717285156 0.0
0.0009179115295410156 1.0728836059570312e-06
0.0009484291076660156 1.150369644165039e-05
0.000782012939453125 1.1920928955078125e-07
0.0007090568542480469 0.0
0.0007205009460449219 0.0
0.0007224082946777344 0.0
0.0009112358093261719 8.940696716308594e-07
0.0009489059448242188 1.1563301086425781e-05
0.0007805824279785156 1.1920928955078125e-07
0.0007071495056152344 0.0
0.0007119178771972656 0.0
0.0007276535034179688 0.0
0.0009121894836425781 8.344650268554688e-07
0.0009531974792480469 1.1861324310302734e-05
0.0007829666137695312 1.1920928955078125e-07
0.0007061958312988281 0.0
0.0007214546203613281 0.0
0.0007314682006835938 0.0
0.0009069442749023438 8.344650268554688e-07
0.0009474754333496094 1.150369644165039e-05
0.0007810592651367188 1.1920928955078125e-07
0.0007109642028808594 0.0
0.0007147789001464844 0.0
0.0007333755493164062 0.0
0.00090789794921875 7.748603820800781e-07
0.0009493827819824219 1.1801719665527344e-05
0.0007843971252441406 1.1920928955078125e-07
0.0007085800170898438 0.0
0.0007147789001464844 0.0
0.0007348060607910156 0.0
0.000911712646484375 8.940696716308594e-07
0.0009531974792480469 1.1861324310302734e-05
0.0007805824279785156 1.1920928955078125e-07
0.0007090568542480469 0.0
0.0007171630859375 0.0
0.0007262229919433594 0.0
0.0009112358093261719 8.344650268554688e-07
0.0009474754333496094 1.1861324310302734e-05
0.0007815361022949219 1.1920928955078125e-07
0.0007138252258300781 0.0
0.0007190704345703125 0.0
0.0007205009460449219 0.0
0.0009083747863769531 8.940696716308594e-07
0.0009446144104003906 1.1026859283447266e-05
0.0007786750793457031 1.1920928955078125e-07
0.0007071495056152344 0.0
0.0007104873657226562 0.0
0.0007171630859375 0.0
0.0009083747863769531 1.0132789611816406e-06
0.0009450912475585938 1.1205673217773438e-05
0.0007824897766113281 1.1920928955078125e-07
0.0007119178771972656 0.0
0.0007157325744628906 0.0
0.0007266998291015625 0.0
0.0009083747863769531 1.0132789611816406e-06
0.0009450912475585938 1.1444091796875e-05
0.0007810592651367188 1.1920928955078125e-07
0.0007128715515136719 0.0
0.0007104873657226562 0.0
0.00072479248046875 0.0
0.0009069442749023438 9.5367431640625e-07
0.0009436607360839844 1.0967254638671875e-05
0.0007805824279785156 1.1920928955078125e-07
0.00070953369140625 0.0
0.00070953369140625 0.0
0.0007290840148925781 0.0
0.0009107589721679688 1.0132789611816406e-06
0.0009508132934570312 1.1980533599853516e-05
0.0007834434509277344 1.1920928955078125e-07
0.0007109642028808594 0.0
0.00070953369140625 0.0
0.0007295608520507812 0.0
0.0009050369262695312 8.940696716308594e-07
0.000946044921875 1.1146068572998047e-05
0.0007829666137695312 1.1920928955078125e-07
0.000713348388671875 0.0
0.0007233619689941406 0.0
0.0007200241088867188 0.0
0.0009045600891113281 8.344650268554688e-07
0.0009455680847167969 1.1026859283447266e-05
0.0007801055908203125 5.960464477539063e-08
0.0007085800170898438 0.0
0.0007238388061523438 0.0
0.0007243156433105469 0.0
0.0009088516235351562 9.5367431640625e-07
0.0009431838989257812 1.1026859283447266e-05
0.0007791519165039062 1.1920928955078125e-07
0.0007052421569824219 0.0
0.000713348388671875 0.0
0.0007152557373046875 0.0
0.0009121894836425781 1.0132789611816406e-06
0.0009455680847167969 1.0967254638671875e-05
0.0007796287536621094 1.1920928955078125e-07
0.0007090568542480469 0.0
0.0007200241088867188 0.0
0.0007195472717285156 0.0
0.000911712646484375 9.5367431640625e-07
0.000942230224609375 1.1086463928222656e-05
0.0007753372192382812 5.960464477539063e-08
0.0007066726684570312 0.0
0.0007147789001464844 0.0
0.0007224082946777344 0.0
0.0009160041809082031 1.0132789611816406e-06
0.0009522438049316406 1.1444091796875e-05
0.0007810592651367188 1.1920928955078125e-07
0.000713348388671875 0.0
0.0007243156433105469 0.0
0.0007243156433105469 0.0
0.0009183883666992188 1.0132789611816406e-06
0.0009493827819824219 1.150369644165039e-05
0.0007815361022949219 1.1920928955078125e-07
0.0007104873657226562 0.0
0.0007219314575195312 0.0
0.0007185935974121094 0.0
0.0009160041809082031 1.0132789611816406e-06
0.000942230224609375 1.1444091796875e-05
0.0007781982421875 1.1920928955078125e-07
0.0007090568542480469 0.0
0.0007305145263671875 0.0
0.0007328987121582031 0.0
0.00091552734375 1.0132789611816406e-06
0.00093841552734375 1.1146068572998047e-05
0.0007772445678710938 1.1920928955078125e-07
0.0007114410400390625 0.0
0.0007176399230957031 0.0
0.0007271766662597656 0.0
0.0009121894836425781 9.5367431640625e-07
0.0009484291076660156 1.1682510375976562e-05
0.0007791519165039062 1.1920928955078125e-07
0.0007104873657226562 0.0
0.0007276535034179688 0.0
0.0007190704345703125 0.0
0.00091552734375 1.0132789611816406e-06
0.0009412765502929688 1.1026859283447266e-05
0.0007767677307128906 1.1920928955078125e-07
0.0007071495056152344 0.0
0.0007190704345703125 0.0
0.000720977783203125 0.0
0.0009188652038574219 1.0728836059570312e-06
0.0009455680847167969 1.1265277862548828e-05
0.0007796287536621094 1.1920928955078125e-07
0.0007152557373046875 0.0
0.0007214546203613281 0.0
0.0007257461547851562 0.0
0.0009222030639648438 1.0728836059570312e-06
0.0009450912475585938 1.1205673217773438e-05
0.0007796287536621094 1.1920928955078125e-07
0.0007109642028808594 0.0
0.000720977783203125 0.0
0.000736236572265625 0.0
0.0009250640869140625 1.1324882507324219e-06
0.0009412765502929688 1.0907649993896484e-05
0.0007762908935546875 1.1920928955078125e-07
0.0007152557373046875 0.0
0.0007233619689941406 0.0
0.0007276535034179688 0.0
0.0009264945983886719 1.0728836059570312e-06
0.0009436607360839844 1.0967254638671875e-05
0.0007781982421875 1.1920928955078125e-07
0.0007143020629882812 0.0
0.0007305145263671875 0.0
0.000736236572265625 0.0
0.0009250640869140625 1.1324882507324219e-06
0.0009436607360839844 1.1265277862548828e-05
0.0007786750793457031 1.1920928955078125e-07
0.0007090568542480469 0.0
0.0007200241088867188 0.0
0.0007300376892089844 0.0
0.0009202957153320312 1.0728836059570312e-06
0.0009417533874511719 1.0371208190917969e-05
0.0007801055908203125 1.1920928955078125e-07
0.0007109642028808594 0.0
0.0007195472717285156 0.0
0.0007386207580566406 0.0
0.0009245872497558594 1.0728836059570312e-06
0.0009479522705078125 1.1563301086425781e-05
0.0007829666137695312 1.1920928955078125e-07
0.000713348388671875 0.0
0.0007157325744628906 0.0
0.0007281303405761719 0.0
0.0009198188781738281 1.0728836059570312e-06
0.000949859619140625 1.1742115020751953e-05
0.0007824897766113281 1.1920928955078125e-07
0.0007123947143554688 0.0
0.0007157325744628906 0.0
0.0007309913635253906 0.0
0.0009179115295410156 1.0132789611816406e-06
0.0009398460388183594 1.1146068572998047e-05
0.0007739067077636719 5.960464477539063e-08
0.00070953369140625 0.0
0.0007138252258300781 0.0
0.000720977783203125 0.0
0.0009179115295410156 8.940696716308594e-07
0.000949859619140625 1.2040138244628906e-05
0.0007781982421875 1.1920928955078125e-07
0.0007123947143554688 0.0
0.0007190704345703125 0.0
0.0007190704345703125 0.0
0.0009126663208007812 7.748603820800781e-07
0.0009493827819824219 1.1801719665527344e-05
0.0007767677307128906 5.960464477539063e-08
0.0007123947143554688 0.0
0.0007190704345703125 0.0
0.0007119178771972656 0.0
0.0009093284606933594 7.748603820800781e-07
0.0009517669677734375 1.1920928955078125e-05
0.0007739067077636719 5.960464477539063e-08
0.0007119178771972656 0.0
0.0007190704345703125 0.0
0.0007162094116210938 0.0
0.0009088516235351562 7.152557373046875e-07
0.0009517669677734375 1.233816146850586e-05
0.0007710456848144531 5.960464477539063e-08
0.0007090568542480469 0.0
0.0007214546203613281 0.0
0.0007243156433105469 0.0
0.000911712646484375 6.556510925292969e-07
0.0009551048278808594 1.2576580047607422e-05
0.0007762908935546875 5.960464477539063e-08
0.0007128715515136719 0.0
0.0007309913635253906 0.0
0.0007243156433105469 0.0
0.0009069442749023438 6.556510925292969e-07
0.0009570121765136719 1.2695789337158203e-05
0.0007762908935546875 5.960464477539063e-08
0.0007104873657226562 0.0
0.0007200241088867188 0.0
0.0007224082946777344 0.0
0.0009012222290039062 6.556510925292969e-07
0.0009541511535644531 1.2278556823730469e-05
0.0007762908935546875 5.960464477539063e-08
0.0007023811340332031 0.0
0.0007162094116210938 0.0
0.0007271766662597656 0.0
0.0009031295776367188 6.556510925292969e-07
0.0009522438049316406 1.2040138244628906e-05
0.0007748603820800781 1.1920928955078125e-07
0.0007076263427734375 0.0
0.0007162094116210938 0.0
0.0007157325744628906 0.0
0.0009074211120605469 8.344650268554688e-07
0.0009570121765136719 1.2934207916259766e-05
0.0007810592651367188 1.1920928955078125e-07
0.0007100105285644531 0.0
0.0007147789001464844 0.0
0.0007190704345703125 0.0
0.0009074211120605469 7.748603820800781e-07
0.0009584426879882812 1.2516975402832031e-05
0.0007791519165039062 1.1920928955078125e-07
0.0007071495056152344 0.0
0.0007114410400390625 0.0
0.0007109642028808594 0.0
0.0009083747863769531 7.152557373046875e-07
0.0009551048278808594 1.2516975402832031e-05
0.0007829666137695312 1.1920928955078125e-07
0.0007104873657226562 0.0
0.00070953369140625 0.0
0.0007314682006835938 0.0
0.0009021759033203125 6.556510925292969e-07
0.0009541511535644531 1.2099742889404297e-05
0.0007815361022949219 1.1920928955078125e-07
0.0007104873657226562 0.0
0.0007157325744628906 0.0
0.0007281303405761719 0.0
0.0009059906005859375 7.152557373046875e-07
0.0009546279907226562 1.239776611328125e-05
0.0007867813110351562 1.1920928955078125e-07
0.0007109642028808594 0.0
0.0007085800170898438 0.0
0.0007266998291015625 0.0
0.000904083251953125 7.152557373046875e-07
0.0009551048278808594 1.2159347534179688e-05
0.0007863044738769531 1.1920928955078125e-07
0.0007100105285644531 0.0
0.0007181167602539062 0.0
0.000736236572265625 0.0
0.0009069442749023438 7.152557373046875e-07
0.0009584426879882812 1.245737075805664e-05
0.0007843971252441406 1.1920928955078125e-07
0.0007100105285644531 0.0
0.0007219314575195312 0.0
0.0007243156433105469 0.0
0.0008983612060546875 6.556510925292969e-07
0.000949859619140625 1.138448715209961e-05
0.000782012939453125 1.1920928955078125e-07
0.0007085800170898438 0.0
0.0007162094116210938 0.0
0.0007205009460449219 0.0
0.0009007453918457031 7.152557373046875e-07
0.0009570121765136719 1.2278556823730469e-05
0.0007863044738769531 1.1920928955078125e-07
0.0007090568542480469 0.0
0.0007147789001464844 0.0
0.0007162094116210938 0.0
0.0009045600891113281 7.748603820800781e-07
0.0009565353393554688 1.2099742889404297e-05
0.00078582763671875 1.1920928955078125e-07
0.0007090568542480469 0.0
0.0007157325744628906 0.0
0.0007123947143554688 0.0
0.0009059906005859375 7.748603820800781e-07
0.0009584426879882812 1.245737075805664e-05
0.0007867813110351562 1.1920928955078125e-07
0.0007128715515136719 0.0
0.0007195472717285156 0.0
0.0007119178771972656 0.0
0.000904083251953125 7.748603820800781e-07
0.00095367431640625 1.1801719665527344e-05
0.0007863044738769531 1.1920928955078125e-07
0.0007114410400390625 0.0
0.0007119178771972656 0.0
0.000732421875 0.0
0.0009064674377441406 7.748603820800781e-07
0.000949859619140625 1.1563301086425781e-05
0.0007863044738769531 1.1920928955078125e-07
0.0007123947143554688 0.0
0.0007219314575195312 0.0
0.0007228851318359375 0.0
0.0009074211120605469 8.940696716308594e-07
0.0009508132934570312 1.1682510375976562e-05
0.0007886886596679688 1.1920928955078125e-07
0.0007100105285644531 0.0
0.0007166862487792969 0.0
0.0007300376892089844 0.0
0.0009088516235351562 8.940696716308594e-07
0.0009465217590332031 1.150369644165039e-05
0.0007829666137695312 1.1920928955078125e-07
0.0007090568542480469 0.0
0.0007143020629882812 0.0
0.0007214546203613281 0.0
0.0009102821350097656 9.5367431640625e-07
0.0009484291076660156 1.1861324310302734e-05
0.0007824897766113281 1.1920928955078125e-07
0.0007085800170898438 0.0
0.0007128715515136719 0.0
0.0007157325744628906 0.0
0.0009121894836425781 1.0132789611816406e-06
0.000957489013671875 1.2576580047607422e-05
0.0007867813110351562 1.1920928955078125e-07
0.0007104873657226562 0.0
0.0007085800170898438 0.0
0.0007171630859375 0.0
0.0009188652038574219 1.1324882507324219e-06
0.0009603500366210938 1.2934207916259766e-05
0.0007901191711425781 1.1920928955078125e-07
0.0007100105285644531 0.0
0.0007114410400390625 0.0
0.0007243156433105469 0.0
0.0009126663208007812 1.0728836059570312e-06
0.0009541511535644531 1.2278556823730469e-05
0.0007848739624023438 1.1920928955078125e-07
0.0007061958312988281 0.0
0.0007119178771972656 0.0
0.0007338523864746094 0.0
0.0009236335754394531 1.3113021850585938e-06
0.0009584426879882812 1.2934207916259766e-05
0.0007834434509277344 1.1920928955078125e-07
0.0007071495056152344 0.0
0.000713348388671875 0.0
0.0007357597351074219 0.0
0.0009179115295410156 1.1920928955078125e-06
0.0009522438049316406 1.2516975402832031e-05
0.000782012939453125 1.1920928955078125e-07
0.000705718994140625 0.0
0.0007176399230957031 0.0
0.0007395744323730469 0.0
0.0009250640869140625 1.2516975402832031e-06
0.0009613037109375 1.33514404296875e-05
0.0007829666137695312 1.1920928955078125e-07
0.0007038116455078125 0.0
0.0007152557373046875 0.0
0.0007386207580566406 0.0
0.0009150505065917969 1.1324882507324219e-06
0.0009598731994628906 1.2636184692382812e-05
0.0007853507995605469 1.1920928955078125e-07
0.0007085800170898438 0.0
0.0007157325744628906 0.0
0.0007238388061523438 0.0
0.0009174346923828125 1.2516975402832031e-06
0.0009560585021972656 1.239776611328125e-05
0.0007853507995605469 1.1920928955078125e-07
0.0007047653198242188 0.0
0.0007147789001464844 0.0
0.0007357597351074219 0.0
0.0009169578552246094 1.2516975402832031e-06
0.0009517669677734375 1.1861324310302734e-05
0.0007843971252441406 1.1920928955078125e-07
0.0007109642028808594 0.0
0.0007109642028808594 0.0
0.0007200241088867188 0.0
0.0009174346923828125 1.3113021850585938e-06
0.0009579658508300781 1.2695789337158203e-05
0.0007901191711425781 1.1920928955078125e-07
0.0007109642028808594 0.0
0.0007100105285644531 0.0
0.0007243156433105469 0.0
0.0009207725524902344 1.2516975402832031e-06
0.0009546279907226562 1.245737075805664e-05
0.000789642333984375 1.1920928955078125e-07
0.0007143020629882812 0.0
0.0007071495056152344 0.0
0.0007100105285644531 0.0
0.0009207725524902344 1.3709068298339844e-06
0.0009551048278808594 1.2278556823730469e-05
0.0007891654968261719 1.1920928955078125e-07
0.0007114410400390625 0.0
0.0007085800170898438 0.0
0.0007305145263671875 0.0
0.0009198188781738281 1.2516975402832031e-06
0.0009527206420898438 1.1861324310302734e-05
0.0007824897766113281 1.1920928955078125e-07
0.0007047653198242188 0.0
0.0007100105285644531 0.0
0.0007295608520507812 0.0
0.0009126663208007812 1.1324882507324219e-06
0.0009541511535644531 1.2278556823730469e-05
0.0007839202880859375 1.1920928955078125e-07
0.0007076263427734375 0.0
0.0007085800170898438 0.0
0.0007224082946777344 0.0
0.0009222030639648438 1.0728836059570312e-06
0.0009560585021972656 1.2516975402832031e-05
0.000782012939453125 1.1920928955078125e-07
0.0007090568542480469 0.0
0.0007109642028808594 0.0
0.0007357597351074219 0.0
0.000911712646484375 1.0728836059570312e-06
0.0009560585021972656 1.2755393981933594e-05
0.000782012939453125 1.1920928955078125e-07
0.0007066726684570312 0.0
0.0007109642028808594 0.0
0.0007309913635253906 0.0
0.0009150505065917969 1.0132789611816406e-06
0.0009565353393554688 1.2159347534179688e-05
0.0007834434509277344 5.960464477539063e-08
0.0007100105285644531 0.0
0.0007152557373046875 0.0
0.0007205009460449219 0.0
0.0009126663208007812 1.0728836059570312e-06
0.0009531974792480469 1.245737075805664e-05
0.0007834434509277344 1.1920928955078125e-07
0.0007119178771972656 0.0
0.0007061958312988281 0.0
0.0007276535034179688 0.0
0.000911712646484375 1.0132789611816406e-06
0.0009531974792480469 1.239776611328125e-05
0.0007805824279785156 5.960464477539063e-08
0.0007147789001464844 0.0
0.0007171630859375 0.0
0.0007219314575195312 0.0
0.0009074211120605469 8.940696716308594e-07
0.0009546279907226562 1.245737075805664e-05
0.0007791519165039062 5.960464477539063e-08
0.0007157325744628906 0.0
0.0007123947143554688 0.0
0.0007171630859375 0.0
0.0009131431579589844 8.344650268554688e-07
0.00095367431640625 1.239776611328125e-05
0.0007805824279785156 1.1920928955078125e-07
0.0007100105285644531 0.0
0.0007181167602539062 0.0
0.00072479248046875 0.0
0.0009083747863769531 7.748603820800781e-07
0.0009565353393554688 1.2814998626708984e-05
0.0007843971252441406 1.1920928955078125e-07
0.0007147789001464844 0.0
0.0007214546203613281 0.0
0.0007328987121582031 0.0
0.0009074211120605469 7.152557373046875e-07
0.0009546279907226562 1.239776611328125e-05
0.0007805824279785156 1.1920928955078125e-07
0.0007119178771972656 0.0
0.0007214546203613281 0.0
0.0007462501525878906 0.0
0.0009002685546875 6.556510925292969e-07
0.0009517669677734375 1.245737075805664e-05
0.0007781982421875 5.960464477539063e-08
0.0007090568542480469 0.0
0.0007238388061523438 0.0
0.000736236572265625 0.0
0.0009083747863769531 6.556510925292969e-07
0.0009522438049316406 1.233816146850586e-05
0.0007781982421875 5.960464477539063e-08
0.0007076263427734375 0.0
0.000720977783203125 0.0
0.0007143020629882812 0.0
0.0009069442749023438 7.152557373046875e-07
0.0009589195251464844 1.2636184692382812e-05
0.0007791519165039062 1.1920928955078125e-07
0.0007166862487792969 0.0
0.00072479248046875 0.0
0.0007061958312988281 0.0
0.0009131431579589844 7.152557373046875e-07
0.0009522438049316406 1.2218952178955078e-05
0.0007772445678710938 5.960464477539063e-08
0.0007128715515136719 0.0
0.0007157325744628906 0.0
0.0007300376892089844 0.0
0.0009136199951171875 7.748603820800781e-07
0.0009584426879882812 1.2814998626708984e-05
0.0007834434509277344 1.1920928955078125e-07
0.0007190704345703125 0.0
0.0007162094116210938 0.0
0.0007200241088867188 0.0
0.00090789794921875 7.152557373046875e-07
0.0009508132934570312 1.2099742889404297e-05
0.0007791519165039062 5.960464477539063e-08
0.0007104873657226562 0.0
0.0007143020629882812 0.0
0.0007233619689941406 0.0
0.0009098052978515625 7.152557373046875e-07
0.0009551048278808594 1.245737075805664e-05
0.0007853507995605469 1.1920928955078125e-07
0.0007138252258300781 0.0
0.0007195472717285156 0.0
0.0007181167602539062 0.0
0.0009069442749023438 6.556510925292969e-07
0.00095367431640625 1.2218952178955078e-05
0.00078582763671875 1.1920928955078125e-07
0.0007128715515136719 0.0
0.0007085800170898438 0.0
0.0007266998291015625 0.0
0.0009098052978515625 7.748603820800781e-07
0.000957489013671875 1.2874603271484375e-05
0.0007848739624023438 1.1920928955078125e-07
0.0007104873657226562 0.0
0.0007109642028808594 0.0
0.0007185935974121094 0.0
0.0009074211120605469 7.152557373046875e-07
0.0009570121765136719 1.245737075805664e-05
0.0007810592651367188 1.1920928955078125e-07
0.0007100105285644531 0.0
0.0007200241088867188 0.0
0.0007252693176269531 0.0
0.00090789794921875 7.748603820800781e-07
0.0009508132934570312 1.245737075805664e-05
0.0007767677307128906 1.1920928955078125e-07
0.0007104873657226562 0.0
0.0007219314575195312 0.0
0.0007162094116210938 0.0
0.000911712646484375 8.344650268554688e-07
0.0009565353393554688 1.233816146850586e-05
0.0007786750793457031 5.960464477539063e-08
0.0007081031799316406 0.0
0.0007224082946777344 0.0
0.0007252693176269531 0.0
0.0009107589721679688 7.152557373046875e-07
0.0009484291076660156 1.1563301086425781e-05
0.0007762908935546875 5.960464477539063e-08
0.0007100105285644531 0.0
0.0007271766662597656 0.0
0.00072479248046875 0.0
0.000911712646484375 7.748603820800781e-07
0.0009503364562988281 1.1861324310302734e-05
0.0007791519165039062 1.1920928955078125e-07
0.0007138252258300781 0.0
0.0007252693176269531 0.0
0.0007357597351074219 0.0
0.0009112358093261719 7.152557373046875e-07
0.0009493827819824219 1.2040138244628906e-05
0.0007786750793457031 1.1920928955078125e-07
0.0007109642028808594 0.0
0.000720977783203125 0.0
0.0007410049438476562 0.0
0.0009093284606933594 7.152557373046875e-07
0.0009489059448242188 1.1861324310302734e-05
0.0007796287536621094 1.1920928955078125e-07
0.0007076263427734375 0.0
0.0007166862487792969 0.0
0.000720977783203125 0.0
0.0009059906005859375 6.556510925292969e-07
0.0009560585021972656 1.245737075805664e-05
0.000782012939453125 1.1920928955078125e-07
0.0007166862487792969 0.0
0.000713348388671875 0.0
0.0007300376892089844 0.0
0.0008978843688964844 5.960464477539062e-07
0.0009517669677734375 1.239776611328125e-05
0.0007839202880859375 1.1920928955078125e-07
0.0007128715515136719 0.0
0.0007185935974121094 0.0
0.0007205009460449219 0.0
0.0009021759033203125 5.960464477539062e-07
0.0009517669677734375 1.2218952178955078e-05
0.0007829666137695312 1.1920928955078125e-07
0.0007152557373046875 0.0
0.0007195472717285156 0.0
0.0007152557373046875 0.0
0.0008993148803710938 5.960464477539062e-07
0.0009531974792480469 1.245737075805664e-05
0.0007805824279785156 1.1920928955078125e-07
0.0007128715515136719 0.0
0.0007166862487792969 0.0
0.0007233619689941406 0.0
0.0009026527404785156 5.960464477539062e-07
0.0009546279907226562 1.2695789337158203e-05
0.00078582763671875 1.1920928955078125e-07
0.0007152557373046875 0.0
0.0007171630859375 0.0
0.0007271766662597656 0.0
0.0009045600891113281 6.556510925292969e-07
0.0009531974792480469 1.239776611328125e-05
0.0007843971252441406 1.1920928955078125e-07
0.0007205009460449219 0.0
0.000728607177734375 0.0
0.0007205009460449219 0.0
0.0009083747863769531 7.152557373046875e-07
0.0009565353393554688 1.245737075805664e-05
0.00078582763671875 1.1920928955078125e-07
0.0007214546203613281 0.0
0.0007262229919433594 0.0
0.0007262229919433594 0.0
0.0009112358093261719 7.152557373046875e-07
0.0009531974792480469 1.233816146850586e-05
0.000782012939453125 1.1920928955078125e-07
0.0007200241088867188 0.0
0.0007300376892089844 0.0
0.0007171630859375 0.0
0.0009026527404785156 7.152557373046875e-07
0.000949859619140625 1.2040138244628906e-05
0.0007791519165039062 1.1920928955078125e-07
0.0007181167602539062 0.0
0.0007305145263671875 0.0
0.0007162094116210938 0.0
0.0009036064147949219 6.556510925292969e-07
0.0009527206420898438 1.2278556823730469e-05
0.0007824897766113281 1.1920928955078125e-07
0.0007195472717285156 0.0
0.0007314682006835938 0.0
0.0007166862487792969 0.0
0.0009093284606933594 5.960464477539062e-07
0.0009541511535644531 1.2278556823730469e-05
0.0007834434509277344 1.1920928955078125e-07
0.0007195472717285156 0.0
0.000732421875 0.0
0.0007314682006835938 0.0
0.0009036064147949219 5.364418029785156e-07
0.0009584426879882812 1.2874603271484375e-05
0.000782012939453125 1.1920928955078125e-07
0.0007219314575195312 0.0
0.0007290840148925781 0.0
0.0007190704345703125 0.0
0.0009059906005859375 6.556510925292969e-07
0.0009613037109375 1.33514404296875e-05
0.0007877349853515625 1.1920928955078125e-07
0.0007219314575195312 0.0
0.0007300376892089844 0.0
0.0007205009460449219 0.0
0.0009074211120605469 5.960464477539062e-07
0.0009608268737792969 1.2993812561035156e-05
0.0007872581481933594 1.1920928955078125e-07
0.0007185935974121094 0.0
0.0007238388061523438 0.0
0.0007181167602539062 0.0
0.0009031295776367188 5.960464477539062e-07
0.0009555816650390625 1.239776611328125e-05
0.0007853507995605469 1.1920928955078125e-07
0.0007224082946777344 0.0
0.0007147789001464844 0.0
0.0007266998291015625 0.0
0.0009088516235351562 7.152557373046875e-07
0.0009584426879882812 1.2993812561035156e-05
0.0007886886596679688 1.1920928955078125e-07
0.0007224082946777344 0.0
0.0007147789001464844 0.0
0.0007071495056152344 0.0
0.00090789794921875 7.152557373046875e-07
0.0009589195251464844 1.2755393981933594e-05
0.000789642333984375 1.1920928955078125e-07
0.0007262229919433594 0.0
0.0007157325744628906 0.0
0.0007152557373046875 0.0
0.0009098052978515625 6.556510925292969e-07
0.0009565353393554688 1.245737075805664e-05
0.0007863044738769531 1.1920928955078125e-07
0.0007205009460449219 0.0
0.0007157325744628906 0.0
0.0007224082946777344 0.0
0.0009136199951171875 7.748603820800781e-07
0.00095367431640625 1.2099742889404297e-05
0.0007829666137695312 1.1920928955078125e-07
0.0007200241088867188 0.0
0.0007181167602539062 0.0
0.0007281303405761719 0.0
0.000911712646484375 7.152557373046875e-07
0.0009603500366210938 1.2814998626708984e-05
0.0007891654968261719 1.1920928955078125e-07
0.000720977783203125 0.0
0.000713348388671875 0.0
0.0007309913635253906 0.0
0.0009074211120605469 6.556510925292969e-07
0.000957489013671875 1.2814998626708984e-05
0.0007877349853515625 1.1920928955078125e-07
0.0007190704345703125 0.0
0.0007143020629882812 0.0
0.0007214546203613281 0.0
0.0009098052978515625 5.364418029785156e-07
0.0009598731994628906 1.3053417205810547e-05
0.0007910728454589844 1.1920928955078125e-07
0.0007205009460449219 0.0
0.00070953369140625 0.0
0.0007266998291015625 0.0
0.0009126663208007812 5.960464477539062e-07
0.0009608268737792969 1.2934207916259766e-05
0.0007910728454589844 1.1920928955078125e-07
0.0007181167602539062 0.0
0.0007171630859375 0.0
0.0007104873657226562 0.0
0.0009136199951171875 6.556510925292969e-07
0.0009555816650390625 1.2636184692382812e-05
0.0007882118225097656 1.1920928955078125e-07
0.0007205009460449219 0.0
0.0007081031799316406 0.0
0.0007190704345703125 0.0
0.0009088516235351562 5.960464477539062e-07
0.00095367431640625 1.1980533599853516e-05
0.0007886886596679688 1.1920928955078125e-07
0.0007243156433105469 0.0
0.0007171630859375 0.0
0.0007214546203613281 0.0
0.0009140968322753906 6.556510925292969e-07
0.0009560585021972656 1.239776611328125e-05
0.000789642333984375 1.1920928955078125e-07
0.0007257461547851562 0.0
0.0007228851318359375 0.0
0.0007152557373046875 0.0
0.0009093284606933594 7.152557373046875e-07
0.0009517669677734375 1.1861324310302734e-05
0.0007867813110351562 1.1920928955078125e-07
0.0007252693176269531 0.0
0.0007219314575195312 0.0
0.0007352828979492188 0.0
0.0009112358093261719 5.960464477539062e-07
0.0009512901306152344 1.1920928955078125e-05
0.0007877349853515625 1.1920928955078125e-07
0.0007228851318359375 0.0
0.0007205009460449219 0.0
0.0007376670837402344 0.0
0.0009140968322753906 5.960464477539062e-07
0.00095367431640625 1.1920928955078125e-05
0.0007877349853515625 1.1920928955078125e-07
0.0007224082946777344 0.0
0.0007162094116210938 0.0
0.0007314682006835938 0.0
0.0009183883666992188 5.960464477539062e-07
0.0009570121765136719 1.2636184692382812e-05
0.0007886886596679688 1.1920928955078125e-07
0.0007276535034179688 0.0
0.0007205009460449219 0.0
0.0007290840148925781 0.0
0.0009107589721679688 6.556510925292969e-07
