0.0007486343383789062 0.0
0.0007638931274414062 0.0
0.0007557868957519531 0.0
0.0006947517395019531 0.0
0.0007891654968261719 0.0
0.0007567405700683594 0.0
0.0007476806640625 0.0
0.0007638931274414062 0.0
0.0007534027099609375 0.0
0.000690460205078125 0.0
0.0007996559143066406 0.0
0.0007557868957519531 0.0
0.0007491111755371094 0.0
0.0007658004760742188 0.0
0.0007557868957519531 0.0
0.0006923675537109375 0.0
0.0008015632629394531 0.0
0.000762939453125 0.0
0.0007486343383789062 0.0
0.0007638931274414062 0.0
0.0007576942443847656 0.0
0.0006947517395019531 0.0
0.0008311271667480469 0.0
0.0007643699645996094 0.0
0.0007462501525878906 0.0
0.0007677078247070312 0.0
0.0007634162902832031 0.0
0.0007004737854003906 0.0
0.0008649826049804688 0.0
0.0007920265197753906 0.0
0.000743865966796875 0.0
0.0007786750793457031 0.0
0.0007681846618652344 0.0
0.0007028579711914062 0.0
0.0009641647338867188 0.0
0.0007977485656738281 0.0
0.0007405281066894531 0.0
0.000797271728515625 0.0
0.0007729530334472656 0.0
0.000705718994140625 0.0
0.0009984970092773438 0.0
0.0007710456848144531 0.0
0.0007429122924804688 0.0
0.0008273124694824219 0.0
0.000774383544921875 0.0
0.0007004737854003906 0.0
0.0009512901306152344 0.0
0.0007600784301757812 0.0
0.0007419586181640625 0.0
0.0008687973022460938 0.0
0.0007796287536621094 0.0
0.0006990432739257812 0.0
0.0008149147033691406 0.0
0.0007767677307128906 0.0
0.0007395744323730469 0.0
0.0009136199951171875 0.0
0.0007863044738769531 0.0
0.0007061958312988281 0.0
0.0007219314575195312 0.0
0.0007834434509277344 0.0
0.0007467269897460938 0.0
0.0009622573852539062 0.0
0.0007944107055664062 0.0
0.0007152557373046875 0.0
0.000690460205078125 0.0
0.0007791519165039062 0.0
0.000743865966796875 0.0
0.0010061264038085938 0.0
0.0008025169372558594 0.0
0.0007271766662597656 0.0
0.0007109642028808594 0.0
0.0007734298706054688 0.0
0.0007500648498535156 0.0
0.0010528564453125 0.0
0.0008134841918945312 0.0
0.000732421875 0.0
0.0007276535034179688 0.0
0.0007748603820800781 0.0
0.000751495361328125 0.0
0.0010890960693359375 0.0
0.0008230209350585938 0.0
0.00074005126953125 0.0
0.0006899833679199219 0.0
0.0007686614990234375 0.0
0.000759124755859375 0.0
0.00112152099609375 0.0
0.0008335113525390625 0.0
0.0007419586181640625 0.0
0.0006928443908691406 0.0
0.0007600784301757812 0.0
0.0007600784301757812 0.0
0.0011186599731445312 0.0
0.0008411407470703125 0.0
0.0007500648498535156 0.0
0.0007038116455078125 0.0
0.0007700920104980469 0.0
0.0007619857788085938 0.0
0.0010995864868164062 0.0
0.0008497238159179688 0.0
0.0007519721984863281 0.0
0.0006928443908691406 0.0
0.0007600784301757812 0.0
0.0007691383361816406 0.0
0.001068115234375 0.0
0.000858306884765625 0.0
0.00075531005859375 0.0
0.000675201416015625 0.0
0.0007605552673339844 0.0
0.0007719993591308594 0.0
0.0010528564453125 0.0
0.0008606910705566406 0.0
0.0007519721984863281 0.0
0.0006885528564453125 0.0
0.000743865966796875 0.0
0.0007700920104980469 0.0
0.0010328292846679688 0.0
0.0008602142333984375 0.0
0.0007510185241699219 0.0
0.0006937980651855469 0.0
0.0007305145263671875 0.0
0.0007777214050292969 0.0
0.0010328292846679688 0.0
0.0008602142333984375 0.0
0.0007543563842773438 0.0
0.0006489753723144531 0.0
0.0007429122924804688 0.0
0.0007834434509277344 0.0
0.0010280609130859375 0.0
0.0008516311645507812 0.0
0.0007419586181640625 0.0
0.0006875991821289062 0.0
0.0007429122924804688 0.0
0.0007853507995605469 0.0
0.0010251998901367188 0.0
0.0008406639099121094 0.0
0.000728607177734375 0.0
0.0007052421569824219 0.0
0.000728607177734375 0.0
0.0007939338684082031 0.0
0.0010290145874023438 0.0
0.0008325576782226562 0.0
0.0007147789001464844 0.0
0.0007076263427734375 0.0
0.0007448196411132812 0.0
0.0007977485656738281 0.0
0.0010232925415039062 0.0
0.0008254051208496094 0.0
0.000701904296875 0.0
0.0007076263427734375 0.0
0.0007495880126953125 0.0
0.0008029937744140625 0.0
0.001026153564453125 0.0
0.0008263587951660156 0.0
0.0006957054138183594 0.0
0.0007266998291015625 0.0
0.0007662773132324219 0.0
0.000804901123046875 0.0
0.0010242462158203125 0.0
0.0008254051208496094 0.0
0.0006947517395019531 0.0
0.0007433891296386719 0.0
0.0007576942443847656 0.0
0.0008101463317871094 0.0
0.0010204315185546875 0.0
0.0008234977722167969 0.0
0.0006966590881347656 0.0
0.000751495361328125 0.0
0.0007519721984863281 0.0
0.0008153915405273438 0.0
0.0010223388671875 0.0
0.0008225440979003906 0.0
0.0007014274597167969 0.0
0.0007696151733398438 0.0
0.0007600784301757812 0.0
0.0008273124694824219 0.0
0.0010223388671875 0.0
0.0008211135864257812 0.0
0.0007052421569824219 0.0
0.0007772445678710938 0.0
0.0007524490356445312 0.0
0.0008268356323242188 0.0
0.0010156631469726562 0.0
0.00081634521484375 0.0
0.0007085800170898438 0.0
0.0007638931274414062 0.0
0.0007305145263671875 0.0
0.0008273124694824219 0.0
0.0010099411010742188 0.0
0.0008134841918945312 0.0
0.0006999969482421875 0.0
0.0007672309875488281 0.0
0.0007524490356445312 0.0
0.0008296966552734375 0.0
0.0010099411010742188 0.0
0.0008130073547363281 0.0
0.000701904296875 0.0
0.0007796287536621094 0.0
0.0007467269897460938 0.0
0.0008306503295898438 0.0
0.0010061264038085938 0.0
0.0008101463317871094 0.0
0.0006914138793945312 0.0
0.0007700920104980469 0.0
0.0007576942443847656 0.0
0.0008330345153808594 0.0
0.0010061264038085938 0.0
0.0008068084716796875 0.0
0.0006852149963378906 0.0
0.0007519721984863281 0.0
0.0007538795471191406 0.0
0.0008368492126464844 0.0
0.0010023117065429688 0.0
0.0008025169372558594 0.0
0.0006785392761230469 0.0
0.0007405281066894531 0.0
0.0007519721984863281 0.0
0.0008368492126464844 0.0
0.0010061264038085938 0.0
0.00080108642578125 0.0
0.0006809234619140625 0.0
0.0007500648498535156 0.0
0.0007510185241699219 0.0
0.0008358955383300781 0.0
0.0010013580322265625 0.0
0.000797271728515625 0.0
0.0006890296936035156 0.0
0.0007319450378417969 0.0
0.0007405281066894531 0.0
0.0008378028869628906 0.0
0.0009984970092773438 0.0
0.0007948875427246094 0.0
0.0006809234619140625 0.0
0.0007257461547851562 0.0
0.0007390975952148438 0.0
0.0008401870727539062 0.0
0.0009946823120117188 0.0
0.0007886886596679688 0.0
0.0006785392761230469 0.0
0.0007143020629882812 0.0
0.000736236572265625 0.0
0.0008463859558105469 0.0
0.0009946823120117188 0.0
0.0007867813110351562 0.0
0.0006742477416992188 0.0
0.0007214546203613281 0.0
0.0007410049438476562 0.0
0.0008425712585449219 0.0
0.0009870529174804688 0.0
0.0007877349853515625 0.0
0.000675201416015625 0.0
0.0007128715515136719 0.0
0.0007271766662597656 0.0
0.0008435249328613281 0.0
0.000988006591796875 0.0
0.0007843971252441406 0.0
0.0006785392761230469 0.0
0.000720977783203125 0.0
0.0007300376892089844 0.0
0.0008373260498046875 0.0
0.0009851455688476562 0.0
0.0007867813110351562 0.0
0.0006780624389648438 0.0
0.0007262229919433594 0.0
0.0007390975952148438 0.0
0.0008463859558105469 0.0
0.0009851455688476562 0.0
0.0007824897766113281 0.0
0.0006761550903320312 0.0
0.0007228851318359375 0.0
0.00075531005859375 0.0
0.0008368492126464844 0.0
0.0009813308715820312 0.0
0.000782012939453125 0.0
0.0006718635559082031 0.0
0.0007114410400390625 0.0
0.0007433891296386719 0.0
0.0008387565612792969 0.0
0.0009813308715820312 0.0
0.0007801055908203125 0.0
0.0006666183471679688 0.0
0.0007033348083496094 0.0
0.000743865966796875 0.0
0.0008454322814941406 0.0
0.000980377197265625 0.0
0.0007796287536621094 0.0
0.0006628036499023438 0.0
0.0006923675537109375 0.0
0.0007357597351074219 0.0
0.0008487701416015625 0.0
0.0009775161743164062 0.0
0.0007758140563964844 0.0
0.0006656646728515625 0.0
0.000690460205078125 0.0
0.0007343292236328125 0.0
0.0008449554443359375 0.0
0.0009751319885253906 0.0
0.0007753372192382812 0.0
0.0006680488586425781 0.0
0.0006933212280273438 0.0
0.0007395744323730469 0.0
0.0008454322814941406 0.0
0.0009737014770507812 0.0
0.0007758140563964844 0.0
0.0006680488586425781 0.0
0.0006861686706542969 0.0
0.0007367134094238281 0.0
0.0008521080017089844 0.0
0.0009741783142089844 0.0
0.0007719993591308594 0.0
0.0006747245788574219 0.0
0.0006999969482421875 0.0
0.0007281303405761719 0.0
0.0008521080017089844 0.0
0.0009722709655761719 0.0
0.0007691383361816406 0.0
0.0006756782531738281 0.0
0.0007028579711914062 0.0
0.0007352828979492188 0.0
0.0008535385131835938 0.0
0.0009708404541015625 0.0
0.00077056884765625 0.0
0.000675201416015625 0.0
0.0007143020629882812 0.0
0.0007333755493164062 0.0
0.0008530616760253906 0.0
0.0009694099426269531 0.0
0.00077056884765625 0.0
0.0006704330444335938 0.0
0.0007152557373046875 0.0
0.0007357597351074219 0.0
0.0008578300476074219 0.0
0.0009713172912597656 0.0
0.0007696151733398438 0.0
0.0006785392761230469 0.0
0.0007195472717285156 0.0
0.0007357597351074219 0.0
0.0008497238159179688 0.0
0.0009703636169433594 0.0
0.0007691383361816406 0.0
0.0006747245788574219 0.0
0.0007176399230957031 0.0
0.0007371902465820312 0.0
0.0008549690246582031 0.0
0.0009722709655761719 0.0
0.0007691383361816406 0.0
0.0006747245788574219 0.0
0.0007147789001464844 0.0
0.0007386207580566406 0.0
0.000850677490234375 0.0
0.0009698867797851562 0.0
0.0007696151733398438 0.0
0.0006718635559082031 0.0
0.0007081031799316406 0.0
0.000751495361328125 0.0
0.0008544921875 0.0
0.0009679794311523438 0.0
0.0007691383361816406 0.0
0.0006732940673828125 0.0
0.0007033348083496094 0.0
0.0007452964782714844 0.0
0.0008492469787597656 0.0
0.0009675025939941406 0.0
0.00077056884765625 0.0
0.0006718635559082031 0.0
0.0007061958312988281 0.0
0.0007486343383789062 0.0
0.0008482933044433594 0.0
0.0009684562683105469 0.0
0.0007719993591308594 0.0
0.0006761550903320312 0.0
0.0007109642028808594 0.0
0.0007429122924804688 0.0
0.0008497238159179688 0.0
0.0009708404541015625 0.0
0.000774383544921875 0.0
0.0006728172302246094 0.0
0.0007171630859375 0.0
0.0007429122924804688 0.0
0.0008554458618164062 0.0
0.0009717941284179688 0.0
0.0007748603820800781 0.0
0.0006756782531738281 0.0
0.0007104873657226562 0.0
0.0007405281066894531 0.0
0.0008478164672851562 0.0
0.0009698867797851562 0.0
0.0007758140563964844 0.0
0.0006709098815917969 0.0
0.0007190704345703125 0.0
0.00074005126953125 0.0
0.0008459091186523438 0.0
0.0009722709655761719 0.0
0.0007739067077636719 0.0
0.0006656646728515625 0.0
0.0007104873657226562 0.0
0.0007424354553222656 0.0
0.0008473396301269531 0.0
0.0009708404541015625 0.0
0.0007753372192382812 0.0
0.0006685256958007812 0.0
0.0007052421569824219 0.0
0.0007433891296386719 0.0
0.0008487701416015625 0.0
0.0009708404541015625 0.0
0.0007724761962890625 0.0
0.0006594657897949219 0.0
0.0006895065307617188 0.0
0.0007491111755371094 0.0
0.0008449554443359375 0.0
0.0009708404541015625 0.0
0.0007724761962890625 0.0
0.0006589889526367188 0.0
0.0006804466247558594 0.0
0.0007419586181640625 0.0
0.0008454322814941406 0.0
0.0009722709655761719 0.0
0.0007710456848144531 0.0
0.0006604194641113281 0.0
0.0006890296936035156 0.0
0.0007433891296386719 0.0
0.0008444786071777344 0.0
0.0009684562683105469 0.0
0.0007734298706054688 0.0
0.0006594657897949219 0.0
0.0006871223449707031 0.0
0.0007443428039550781 0.0
0.0008502006530761719 0.0
0.00096893310546875 0.0
0.0007762908935546875 0.0
0.0006580352783203125 0.0
0.0006909370422363281 0.0
0.0007410049438476562 0.0
0.0008502006530761719 0.0
0.0009722709655761719 0.0
0.0007758140563964844 0.0
0.0006666183471679688 0.0
0.0007028579711914062 0.0
0.0007414817810058594 0.0
0.0008492469787597656 0.0
0.0009708404541015625 0.0
0.0007762908935546875 0.0
0.0006666183471679688 0.0
0.0007162094116210938 0.0
0.0007414817810058594 0.0
0.000850677490234375 0.0
0.0009722709655761719 0.0
0.0007801055908203125 0.0
0.0006690025329589844 0.0
0.000713348388671875 0.0
0.0007472038269042969 0.0
0.0008544921875 0.0
0.0009722709655761719 0.0
0.0007843971252441406 0.0
0.0006690025329589844 0.0
0.0007152557373046875 0.0
0.0007405281066894531 0.0
0.0008587837219238281 0.0
0.0009675025939941406 0.0
0.0007791519165039062 0.0
0.0006694793701171875 0.0
0.0007138252258300781 0.0
0.000732421875 0.0
0.000858306884765625 0.0
0.0009636878967285156 0.0
0.0007772445678710938 0.0
0.0006656646728515625 0.0
0.000701904296875 0.0
0.0007424354553222656 0.0
0.0008573532104492188 0.0
0.0009679794311523438 0.0
0.0007772445678710938 0.0
0.0006651878356933594 0.0
0.0007047653198242188 0.0
0.0007343292236328125 0.0
0.0008597373962402344 0.0
0.0009613037109375 0.0
0.0007729530334472656 0.0
0.0006618499755859375 0.0
0.0006999969482421875 0.0
0.0007481575012207031 0.0
0.0008549690246582031 0.0
0.0009589195251464844 0.0
0.00077056884765625 0.0
0.0006642341613769531 0.0
0.000698089599609375 0.0
0.0007519721984863281 0.0
0.0008635520935058594 0.0
0.0009598731994628906 0.0
0.0007719993591308594 0.0
0.0006628036499023438 0.0
0.0006837844848632812 0.0
0.0007414817810058594 0.0
0.0008630752563476562 0.0
0.0009565353393554688 0.0
0.0007672309875488281 0.0
0.0006642341613769531 0.0
0.0006875991821289062 0.0
0.0007395744323730469 0.0
0.0008687973022460938 0.0
0.0009555816650390625 0.0
0.0007681846618652344 0.0
0.0006661415100097656 0.0
0.0006871223449707031 0.0
0.000736236572265625 0.0
0.0008707046508789062 0.0
0.0009541511535644531 0.0
0.0007653236389160156 0.0
0.0006694793701171875 0.0
0.0006947517395019531 0.0
0.0007395744323730469 0.0
0.0008754730224609375 0.0
0.0009484291076660156 0.0
0.0007662773132324219 0.0
0.0006628036499023438 0.0
0.0007066726684570312 0.0
0.0007491111755371094 0.0
0.00087738037109375 0.0
0.0009455680847167969 0.0
0.000759124755859375 0.0
0.0006680488586425781 0.0
0.0007166862487792969 0.0
0.0007410049438476562 0.0
0.000881195068359375 0.0
0.0009541511535644531 0.0
0.0007653236389160156 0.0
0.0006704330444335938 0.0
0.0007195472717285156 0.0
0.0007371902465820312 0.0
0.0008764266967773438 0.0
0.0009522438049316406 0.0
0.0007681846618652344 0.0
0.0006628036499023438 0.0
0.0007138252258300781 0.0
0.0007586479187011719 0.0
0.0008721351623535156 0.0
0.0009546279907226562 0.0
0.0007696151733398438 0.0
0.0006642341613769531 0.0
0.0007076263427734375 0.0
0.0007505416870117188 0.0
0.0008711814880371094 0.0
0.0009541511535644531 0.0
0.0007710456848144531 0.0
0.0006632804870605469 0.0
0.0006990432739257812 0.0
0.0007634162902832031 0.0
0.0008730888366699219 0.0
0.0009531974792480469 0.0
0.0007710456848144531 0.0
0.0006647109985351562 0.0
0.0007042884826660156 0.0
0.0007576942443847656 0.0
0.0008716583251953125 0.0
0.0009527206420898438 0.0
0.0007739067077636719 0.0
0.0006647109985351562 0.0
0.0006961822509765625 0.0
0.0007596015930175781 0.0
0.0008673667907714844 0.0
0.0009541511535644531 0.0
0.0007729530334472656 0.0
0.00067138671875 0.0
0.0006976127624511719 0.0
0.0007576942443847656 0.0
0.0008668899536132812 0.0
0.0009560585021972656 0.0
0.0007758140563964844 0.0
0.0006666183471679688 0.0
0.0007004737854003906 0.0
0.0007581710815429688 0.0
0.0008707046508789062 0.0
0.0009603500366210938 0.0
0.0007753372192382812 0.0
0.0006728172302246094 0.0
0.0006971359252929688 0.0
0.0007476806640625 0.0
0.0008625984191894531 0.0
0.0009613037109375 0.0
0.0007748603820800781 0.0
0.00067138671875 0.0
0.0007109642028808594 0.0
0.0007429122924804688 0.0
0.00086212158203125 0.0
0.0009541511535644531 0.0
0.0007762908935546875 0.0
0.0006718635559082031 0.0
0.0007243156433105469 0.0
0.0007586479187011719 0.0
0.000865936279296875 0.0
0.0009584426879882812 0.0
0.0007762908935546875 0.0
0.0006775856018066406 0.0
0.0007257461547851562 0.0
0.000743865966796875 0.0
0.0008645057678222656 0.0
0.0009541511535644531 0.0
0.0007748603820800781 0.0
0.0006804466247558594 0.0
0.0007333755493164062 0.0
0.0007376670837402344 0.0
0.0008702278137207031 0.0
0.0009508132934570312 0.0
0.0007729530334472656 0.0
0.00067901611328125 0.0
0.0007243156433105469 0.0
0.0007424354553222656 0.0
0.0008716583251953125 0.0
0.0009546279907226562 0.0
0.0007724761962890625 0.0
0.0006852149963378906 0.0
0.0007257461547851562 0.0
0.0007376670837402344 0.0
0.0008678436279296875 0.0
0.0009493827819824219 0.0
0.00077056884765625 0.0
0.0006909370422363281 0.0
0.0007376670837402344 0.0
0.00075531005859375 0.0
0.0008687973022460938 0.0
0.0009479522705078125 0.0
0.0007710456848144531 0.0
0.0006818771362304688 0.0
0.0007309913635253906 0.0
0.0007495880126953125 0.0
0.0008764266967773438 0.0
0.0009493827819824219 0.0
0.0007710456848144531 0.0
0.0006871223449707031 0.0
0.0007352828979492188 0.0
0.0007481575012207031 0.0
0.0008749961853027344 0.0
0.0009508132934570312 0.0
0.0007686614990234375 0.0
0.000690460205078125 0.0
0.0007352828979492188 0.0
0.00075531005859375 0.0
0.0008792877197265625 0.0
0.0009522438049316406 0.0
0.00077056884765625 0.0
0.0006899833679199219 0.0
0.0007410049438476562 0.0
0.000743865966796875 0.0
0.0008749961853027344 0.0
0.0009436607360839844 0.0
0.0007681846618652344 0.0
0.0006866455078125 0.0
0.0007333755493164062 0.0
0.0007562637329101562 0.0
0.0008759498596191406 0.0
0.0009512901306152344 0.0
0.000766754150390625 0.0
0.0006899833679199219 0.0
0.0007338523864746094 0.0
0.0007524490356445312 0.0
0.0008745193481445312 0.0
0.0009484291076660156 0.0
0.0007672309875488281 0.0
0.0006842613220214844 0.0
0.0007300376892089844 0.0
0.0007486343383789062 0.0
0.0008640289306640625 0.0
0.0009446144104003906 0.0
0.0007648468017578125 0.0
0.0006804466247558594 0.0
0.0007238388061523438 0.0
0.0007505416870117188 0.0
0.0008683204650878906 0.0
0.0009541511535644531 0.0
0.0007658004760742188 0.0
0.0006871223449707031 0.0
0.0007224082946777344 0.0
0.0007495880126953125 0.0
0.000865936279296875 0.0
0.0009465217590332031 0.0
0.0007662773132324219 0.0
0.0006809234619140625 0.0
0.0007200241088867188 0.0
0.0007534027099609375 0.0
0.0008740425109863281 0.0
0.0009527206420898438 0.0
0.0007686614990234375 0.0
0.0006814002990722656 0.0
0.0007195472717285156 0.0
0.00075531005859375 0.0
0.0008678436279296875 0.0
0.0009512901306152344 0.0
0.000766754150390625 0.0
0.0006861686706542969 0.0
0.0007171630859375 0.0
0.0007452964782714844 0.0
0.000873565673828125 0.0
0.0009493827819824219 0.0
0.0007653236389160156 0.0
0.0006880760192871094 0.0
0.0007219314575195312 0.0
0.0007386207580566406 0.0
0.0008721351623535156 0.0
0.0009479522705078125 0.0
0.0007643699645996094 0.0
0.0006861686706542969 0.0
0.0007266998291015625 0.0
0.0007448196411132812 0.0
0.000873565673828125 0.0
0.0009517669677734375 0.0
0.000766754150390625 0.0
0.0006885528564453125 0.0
0.0007276535034179688 0.0
0.0007543563842773438 0.0
0.000873565673828125 0.0
0.0009503364562988281 0.0
0.000762939453125 0.0
0.0006871223449707031 0.0
0.0007305145263671875 0.0
0.0007376670837402344 0.0
0.0008759498596191406 0.0
0.0009546279907226562 0.0
0.0007686614990234375 0.0
0.0006837844848632812 0.0
0.0007219314575195312 0.0
0.0007429122924804688 0.0
0.0008754730224609375 0.0
0.0009584426879882812 0.0
0.0007715225219726562 0.0
0.0006809234619140625 0.0
0.0007162094116210938 0.0
0.0007581710815429688 0.0
0.0008649826049804688 0.0
0.0009522438049316406 0.0
0.0007691383361816406 0.0
0.0006756782531738281 0.0
0.0007052421569824219 0.0
0.0007429122924804688 0.0
0.0008764266967773438 0.0
0.0009551048278808594 0.0
0.0007734298706054688 0.0
0.000675201416015625 0.0
0.0007061958312988281 0.0
0.0007443428039550781 0.0
0.0008792877197265625 0.0
0.0009589195251464844 0.0
0.0007748603820800781 0.0
0.0006775856018066406 0.0
0.0007119178771972656 0.0
0.000743865966796875 0.0
0.0008764266967773438 0.0
0.0009541511535644531 0.0
0.0007710456848144531 0.0
0.0006747245788574219 0.0
0.0007128715515136719 0.0
0.0007476806640625 0.0
0.0008878707885742188 0.0
0.0009570121765136719 0.0
0.0007719993591308594 0.0
0.000682830810546875 0.0
0.0007123947143554688 0.0
0.0007462501525878906 0.0
0.0008802413940429688 0.0
0.00095367431640625 0.0
0.0007672309875488281 0.0
0.0006804466247558594 0.0
0.0007166862487792969 0.0
0.0007443428039550781 0.0
0.0008859634399414062 0.0
0.0009522438049316406 0.0
0.0007691383361816406 0.0
0.0006833076477050781 0.0
0.0007195472717285156 0.0
0.0007376670837402344 0.0
0.0008854866027832031 0.0
0.0009508132934570312 0.0
0.0007696151733398438 0.0
0.00067901611328125 0.0
0.0007238388061523438 0.0
0.0007414817810058594 0.0
0.000888824462890625 0.0
0.0009527206420898438 0.0
0.000774383544921875 0.0
0.0006761550903320312 0.0
0.0007147789001464844 0.0
0.0007486343383789062 0.0
0.0008912086486816406 0.0
0.00095367431640625 0.0
0.0007715225219726562 0.0
0.0006852149963378906 0.0
0.0007252693176269531 0.0
0.0007414817810058594 0.0
0.0008897781372070312 0.0
0.0009570121765136719 0.0
0.0007753372192382812 0.0
0.0006861686706542969 0.0
0.0007348060607910156 0.0
0.0007338523864746094 0.0
0.0008931159973144531 0.0
0.0009560585021972656 0.0
0.0007734298706054688 0.0
0.0006856918334960938 0.0
0.0007290840148925781 0.0
0.0007376670837402344 0.0
0.0008878707885742188 0.0
0.0009508132934570312 0.0
0.0007734298706054688 0.0
0.0006804466247558594 0.0
0.00072479248046875 0.0
0.0007476806640625 0.0
0.0008921623229980469 0.0
0.0009493827819824219 0.0
0.0007739067077636719 0.0
0.0006799697875976562 0.0
0.0007214546203613281 0.0
0.0007410049438476562 0.0
0.0008940696716308594 0.0
0.0009522438049316406 0.0
0.0007715225219726562 0.0
0.0006875991821289062 0.0
0.0007243156433105469 0.0
0.0007367134094238281 0.0
0.0008997917175292969 0.0
0.000942230224609375 0.0
0.0007715225219726562 0.0
0.0006780624389648438 0.0
0.0007114410400390625 0.0
0.000751495361328125 0.0
0.0009007453918457031 0.0
0.0009493827819824219 0.0
0.0007696151733398438 0.0
0.0006890296936035156 0.0
0.000713348388671875 0.0
0.0007314682006835938 0.0
0.0009045600891113281 0.0
0.0009469985961914062 0.0
0.0007715225219726562 0.0
0.0006809234619140625 0.0
0.0007128715515136719 0.0
0.0007462501525878906 0.0
0.0009026527404785156 0.0
0.0009493827819824219 0.0
0.0007710456848144531 0.0
0.0006833076477050781 0.0
0.0007100105285644531 0.0
0.0007452964782714844 0.0
0.0009007453918457031 0.0
0.0009474754333496094 0.0
0.0007724761962890625 0.0
0.0006856918334960938 0.0
0.0007152557373046875 0.0
0.0007519721984863281 0.0
0.0009012222290039062 0.0
0.0009479522705078125 0.0
0.0007729530334472656 0.0
0.0006809234619140625 0.0
0.0006999969482421875 0.0
0.0007486343383789062 0.0
0.0008988380432128906 0.0
0.0009517669677734375 0.0
0.0007710456848144531 0.0
0.0006823539733886719 0.0
0.0007143020629882812 0.0
0.0007472038269042969 0.0
0.0009031295776367188 0.0
0.0009484291076660156 0.0
0.0007715225219726562 0.0
0.0006823539733886719 0.0
0.0007143020629882812 0.0
0.0007500648498535156 0.0
0.0008940696716308594 0.0
0.0009455680847167969 0.0
0.0007700920104980469 0.0
0.0006818771362304688 0.0
0.000713348388671875 0.0
0.0007500648498535156 0.0
0.0008969306945800781 0.0
0.0009479522705078125 0.0
0.00077056884765625 0.0
0.000690460205078125 0.0
0.0007238388061523438 0.0
0.0007410049438476562 0.0
0.0008959770202636719 0.0
0.000946044921875 0.0
0.0007686614990234375 0.0
0.0006861686706542969 0.0
0.0007262229919433594 0.0
0.0007390975952148438 0.0
0.0008959770202636719 0.0
0.0009469985961914062 0.0
0.0007700920104980469 0.0
0.0006890296936035156 0.0
0.0007309913635253906 0.0
0.0007405281066894531 0.0
0.0008912086486816406 0.0
0.0009493827819824219 0.0
0.0007677078247070312 0.0
0.0006875991821289062 0.0
0.0007181167602539062 0.0
0.0007333755493164062 0.0
0.0008921623229980469 0.0
0.0009517669677734375 0.0
0.0007715225219726562 0.0
0.0006914138793945312 0.0
0.0007205009460449219 0.0
0.0007333755493164062 0.0
0.000896453857421875 0.0
0.0009512901306152344 0.0
0.0007691383361816406 0.0
0.0006880760192871094 0.0
0.0007123947143554688 0.0
0.00074005126953125 0.0
0.0008950233459472656 0.0
0.0009527206420898438 0.0
0.0007710456848144531 0.0
0.000690460205078125 0.0
0.0007143020629882812 0.0
0.0007429122924804688 0.0
0.0008955001831054688 0.0
0.0009489059448242188 0.0
0.0007691383361816406 0.0
0.0006852149963378906 0.0
0.0007200241088867188 0.0
0.0007448196411132812 0.0
0.0009016990661621094 0.0
0.0009551048278808594 0.0
0.0007691383361816406 0.0
0.0006995201110839844 0.0
0.0007128715515136719 0.0
0.0007352828979492188 0.0
0.00090789794921875 0.0
0.000946044921875 0.0
0.000766754150390625 0.0
0.0006890296936035156 0.0
0.0007042884826660156 0.0
0.0007481575012207031 0.0
0.0009069442749023438 0.0
0.0009479522705078125 0.0
0.000766754150390625 0.0
0.0006971359252929688 0.0
0.0007200241088867188 0.0
0.0007429122924804688 0.0
0.0009016990661621094 0.0
0.0009455680847167969 0.0
0.0007658004760742188 0.0
0.0006875991821289062 0.0
0.0007185935974121094 0.0
0.0007443428039550781 0.0
0.0009059906005859375 0.0
0.000949859619140625 0.0
0.00077056884765625 0.0
0.0006918907165527344 0.0
0.0007205009460449219 0.0
0.0007357597351074219 0.0
0.0009050369262695312 0.0
0.000949859619140625 0.0
0.0007696151733398438 0.0
0.0006890296936035156 0.0
0.0007309913635253906 0.0
0.0007491111755371094 0.0
0.0009083747863769531 0.0
0.0009527206420898438 0.0
0.0007758140563964844 0.0
0.0006909370422363281 0.0
0.0007281303405761719 0.0
0.0007462501525878906 0.0
0.0009098052978515625 0.0
0.0009493827819824219 0.0
0.0007734298706054688 0.0
0.0006928443908691406 0.0
0.0007200241088867188 0.0
0.0007486343383789062 0.0
0.00090789794921875 0.0
0.000946044921875 0.0
0.0007700920104980469 0.0
0.0006866455078125 0.0
0.0007205009460449219 0.0
0.0007414817810058594 0.0
0.0009150505065917969 0.0
0.0009479522705078125 0.0
0.0007696151733398438 0.0
0.0006957054138183594 0.0
0.0007238388061523438 0.0
0.0007386207580566406 0.0
0.0009136199951171875 0.0
0.0009436607360839844 0.0
0.0007700920104980469 0.0
0.0006923675537109375 0.0
0.0007266998291015625 0.0
0.0007376670837402344 0.0
0.0009250640869140625 0.0
0.0009493827819824219 0.0
0.0007710456848144531 0.0
0.0006976127624511719 0.0
0.0007271766662597656 0.0
0.0007486343383789062 0.0
0.00092315673828125 0.0
0.000946044921875 0.0
0.0007696151733398438 0.0
0.0006933212280273438 0.0
0.0007233619689941406 0.0
0.0007476806640625 0.0
0.0009174346923828125 0.0
0.0009469985961914062 0.0
0.0007724761962890625 0.0
0.00069427490234375 0.0
0.0007176399230957031 0.0
0.0007386207580566406 0.0
0.0009202957153320312 0.0
0.000946044921875 0.0
0.00077056884765625 0.0
0.0006909370422363281 0.0
0.000720977783203125 0.0
0.00074005126953125 0.0
0.0009107589721679688 0.0
0.0009436607360839844 0.0
0.0007677078247070312 0.0
0.0006871223449707031 0.0
0.0007119178771972656 0.0
0.0007357597351074219 0.0
0.0009179115295410156 0.0
0.0009465217590332031 0.0
0.0007719993591308594 0.0
0.0006957054138183594 0.0
0.0007162094116210938 0.0
0.0007557868957519531 0.0
0.0009160041809082031 0.0
0.0009436607360839844 0.0
0.0007653236389160156 0.0
0.0006971359252929688 0.0
0.0007185935974121094 0.0
0.0007481575012207031 0.0
0.0009164810180664062 0.0
0.0009441375732421875 0.0
0.0007658004760742188 0.0
0.0006999969482421875 0.0
0.0007214546203613281 0.0
0.0007443428039550781 0.0
0.0009179115295410156 0.0
0.0009398460388183594 0.0
0.0007638931274414062 0.0
0.0006985664367675781 0.0
0.0007224082946777344 0.0
0.0007467269897460938 0.0
0.00092315673828125 0.0
0.0009474754333496094 0.0
0.0007653236389160156 0.0
0.0007023811340332031 0.0
0.0007352828979492188 0.0
0.0007481575012207031 0.0
0.0009150505065917969 0.0
0.0009417533874511719 0.0
0.0007615089416503906 0.0
0.0007014274597167969 0.0
0.0007352828979492188 0.0
0.0007429122924804688 0.0
0.0009222030639648438 0.0
0.0009474754333496094 0.0
0.0007643699645996094 0.0
0.000701904296875 0.0
0.000736236572265625 0.0
0.0007295608520507812 0.0
0.0009179115295410156 0.0
0.0009484291076660156 0.0
0.0007681846618652344 0.0
0.0007042884826660156 0.0
0.000736236572265625 0.0
0.0007405281066894531 0.0
0.00091552734375 0.0
0.0009469985961914062 0.0
0.0007672309875488281 0.0
0.0006990432739257812 0.0
0.000732421875 0.0
0.0007395744323730469 0.0
0.0009136199951171875 0.0
0.0009427070617675781 0.0
0.000766754150390625 0.0
0.0006952285766601562 0.0
0.0007333755493164062 0.0
0.0007472038269042969 0.0
0.00091552734375 0.0
0.0009489059448242188 0.0
0.0007681846618652344 0.0
0.0006957054138183594 0.0
0.0007271766662597656 0.0
0.00074005126953125 0.0
0.0009112358093261719 0.0
0.0009431838989257812 0.0
0.0007696151733398438 0.0
0.0006947517395019531 0.0
0.0007181167602539062 0.0
0.000751495361328125 0.0
0.0009160041809082031 0.0
0.0009417533874511719 0.0
0.0007700920104980469 0.0
0.000698089599609375 0.0
0.0007166862487792969 0.0
0.0007343292236328125 0.0
0.0009145736694335938 0.0
0.0009465217590332031 0.0
